0,0.419001,-0.100952,0.189575,0.657166,0.722473,-0.50885,0.651611,0.422852,0.370972,-5.29297,2.15625,8.82813,-9.02734,1.71094,-3.63281
1,0.584,-0.110657,0.194031,0.657532,0.719543,-0.509766,0.650818,0.423462,0.370544,-4.52734,0.929688,8.94922,-9.02734,1.71094,-3.63281
2,0.643999,-0.112183,0.196838,0.657227,0.718811,-0.51001,0.650635,0.423584,0.3703,-4.02734,0.546875,9.02344,-9.06641,1.67188,-3.63281
3,0.701,-0.112549,0.185486,0.654419,0.724304,-0.510559,0.650269,0.423645,0.370117,-3.83594,0.0898438,9.05859,-9.0625,1.71094,-3.63281
4,0.77,-0.115051,0.169861,0.655273,0.72699,-0.510681,0.650085,0.423828,0.370056,-2.91797,-0.675781,9.05469,-8.98828,1.71094,-3.63281
5,0.833,-0.112183,0.166748,0.6521,0.731018,-0.510864,0.649963,0.423828,0.370056,-3.94922,1.04688,9.13672,-8.98828,1.71094,-3.59375
6,0.883999,-0.106567,0.177979,0.650146,0.730957,-0.510925,0.649841,0.42395,0.370056,-4.10547,1.19922,8.98828,-8.98438,1.67188,-3.63281
7,0.941,-0.107117,0.183533,0.650452,0.729187,-0.510986,0.649658,0.424194,0.369995,-3.60547,-0.792969,9.05859,-9.06641,1.67188,-3.59375
8,1.004,-0.114929,0.181396,0.653564,0.725769,-0.511292,0.649414,0.424316,0.369873,-4.37109,0.777344,8.83203,-9.02344,1.67188,-3.63281
9,1.041,-0.114929,0.181396,0.653564,0.725769,-0.511414,0.649353,0.424316,0.369812,-4.60156,-0.945313,8.91016,-9.02734,1.71094,-3.59375
10,1.103,-0.1073,0.170288,0.653625,0.729553,-0.511658,0.649292,0.424133,0.369812,-4.06641,1.3125,9.28906,-9.0625,1.71094,-3.59375
11,1.159,-0.106873,0.163635,0.653748,0.731018,-0.511963,0.649109,0.424316,0.369507,-3.68359,0.394531,9.13672,-9.0625,1.71094,-3.59375
12,1.217,-0.105896,0.167908,0.651245,0.732422,-0.512085,0.648926,0.424622,0.369263,-3.49219,0.96875,8.98828,-9.02734,1.71094,-3.59375
13,1.301,-0.111145,0.173035,0.653931,0.728088,-0.51239,0.648499,0.424927,0.369202,-3.94922,0.28125,9.05859,-9.02344,1.67188,-3.59375
14,1.4,-0.120056,0.166199,0.658203,0.724365,-0.512695,0.648254,0.424744,0.369507,-4.29688,1.96484,8.98438,-9.02344,1.67188,-3.59375
15,1.5,-0.112854,0.183472,0.657104,0.722351,-0.512695,0.648193,0.424866,0.369446,-5.13672,2.61719,9.02344,-9.02734,1.71094,-3.59375
16,1.6,-0.0999146,0.206726,0.65033,0.724121,-0.513428,0.647644,0.425171,0.36908,-3.94922,2.69531,9.02344,-9.02344,1.67188,-3.59375
17,1.701,-0.115662,0.193848,0.661682,0.714966,-0.513733,0.647705,0.424988,0.368835,-4.29688,0.816406,9.09766,-9.0625,1.71094,-3.59375
18,1.801,-0.123779,0.16156,0.675293,0.708923,-0.513367,0.648193,0.4245,0.368958,-3.75781,-0.179688,9.17578,-9.02734,1.71094,-3.59375
19,1.9,-0.125916,0.158508,0.680725,0.704041,-0.513184,0.648315,0.424194,0.369263,-4.02734,-0.0664063,9.13281,-8.98438,1.67188,-3.59375
20,2.0,-0.123596,0.160278,0.683228,0.701599,-0.513,0.648315,0.424438,0.369263,-2.95313,0.0507813,9.37109,-8.98828,1.71094,-3.59375
21,2.1,-0.122498,0.153198,0.689697,0.697021,-0.51355,0.647888,0.424866,0.368774,-4.33594,0.203125,9.05469,-8.98828,1.71094,-3.59375
22,2.201,-0.118835,0.159912,0.684204,0.701538,-0.513794,0.64801,0.424683,0.368408,-4.25781,0.203125,8.91016,-8.98438,1.67188,-3.63281
23,2.3,-0.1026,0.172791,0.669983,0.714661,-0.513855,0.64801,0.424744,0.368286,-3.53125,1.42969,9.25,-9.0625,1.71094,-3.59375
24,2.4,-0.104248,0.168945,0.670288,0.715027,-0.513977,0.647827,0.424744,0.368408,-3.79688,1.46875,9.17578,-9.02734,1.71094,-3.59375
25,2.5,-0.101807,0.174927,0.668335,0.71582,-0.514038,0.647705,0.424866,0.368469,-3.98828,0.738281,9.13672,-8.98438,1.67188,-3.59375
26,2.6,-0.109192,0.16687,0.673401,0.711853,-0.513733,0.647827,0.424927,0.368591,-3.60547,1.08594,9.13281,-9.02734,1.71094,-3.63281
27,2.701,-0.108765,0.167786,0.672546,0.712524,-0.513794,0.647583,0.425171,0.368591,-3.83594,0.0898438,9.17578,-9.02734,1.67188,-3.55469
28,2.8,-0.121521,0.178833,0.673218,0.707153,-0.513977,0.647522,0.425171,0.368347,-4.75391,-0.101563,8.91016,-8.94531,1.71094,-3.63281
29,2.9,-0.12793,0.173218,0.674927,0.70575,-0.513977,0.647522,0.425415,0.368164,-4.37109,-0.101563,8.87109,-8.98828,1.71094,-3.59375
30,3.0,-0.136597,0.162598,0.678345,0.70343,-0.514099,0.647339,0.425476,0.368347,-4.21875,0.816406,8.82813,-9.02734,1.71094,-3.59375
31,3.1,-0.115417,0.174438,0.669312,0.712891,-0.51416,0.647034,0.425476,0.368774,-3.64453,1.77344,9.13281,-9.02344,1.67188,-3.63281
32,3.2,-0.107422,0.180603,0.665588,0.716125,-0.514648,0.646729,0.425171,0.368958,-4.29688,1.58203,9.05859,-9.02344,1.63672,-3.59375
33,3.3,-0.106567,0.184692,0.664063,0.716614,-0.514648,0.647339,0.423523,0.36969,-4.06641,1.00781,9.02344,-9.14453,1.67188,-3.48047
34,3.401,-0.108032,0.190918,0.662415,0.716309,-0.513916,0.647949,0.420593,0.372986,-4.17969,0.777344,8.90625,-9.14063,1.63672,-3.59375
35,3.5,-0.112488,0.199341,0.660645,0.714966,-0.516174,0.64502,0.418091,0.377747,-4.29688,0.96875,8.78906,-8.67969,1.51953,-3.82422
36,3.601,-0.115784,0.20282,0.659851,0.714172,-0.518677,0.640381,0.415833,0.384644,-4.44922,0.777344,8.75,-8.67969,1.63672,-3.71094
37,3.7,-0.117615,0.201782,0.660583,0.713501,-0.524292,0.631714,0.415527,0.391602,-4.33594,0.511719,8.82813,-9.17969,1.13672,-3.40234
38,3.8,-0.11731,0.197388,0.661682,0.713745,-0.528503,0.62439,0.41449,0.398804,-4.5625,0.625,8.75391,-8.87109,0.753906,-3.44141
39,3.901,-0.11554,0.193665,0.662415,0.714417,-0.529846,0.620361,0.414551,0.403198,-4.02734,1.00781,8.98828,-9.21094,0.753906,-3.01953
40,4.0,-0.115112,0.193054,0.662292,0.714722,-0.528381,0.620911,0.414795,0.404114,-4.02734,0.855469,8.98438,-9.36719,0.5625,-3.13281
41,4.1,-0.114746,0.194214,0.661926,0.714783,-0.527222,0.62207,0.414124,0.40448,-4.21875,1.08594,8.94531,-9.21484,1.0625,-3.32422
42,4.2,-0.113342,0.193909,0.661865,0.715149,-0.52533,0.623474,0.414307,0.40448,-4.25781,0.96875,8.87109,-9.40625,0.714844,-3.21094
43,4.3,-0.112671,0.192139,0.662292,0.715393,-0.523987,0.620361,0.415283,0.410095,-4.21875,0.855469,8.90625,-9.10156,0.871094,-3.17188
44,4.401,-0.109863,0.185303,0.663574,0.716431,-0.527283,0.614685,0.415222,0.414368,-4.33594,1.08594,9.02734,-9.48438,0.292969,-2.82813
45,4.5,-0.109436,0.176697,0.665466,0.716919,-0.527283,0.612671,0.415161,0.417419,-4.14453,1.00781,9.05469,-9.28906,0.601563,-2.82813
46,4.6,-0.109802,0.176453,0.665466,0.716919,-0.524658,0.613098,0.414551,0.420776,-4.02734,0.894531,9.05469,-9.29297,0.601563,-2.94141
47,4.7,-0.110474,0.175781,0.666016,0.716492,-0.525269,0.609863,0.416992,0.422241,-3.91406,0.777344,9.02734,-9.33203,0.640625,-2.82813
48,4.8,-0.110168,0.174194,0.666321,0.716614,-0.526978,0.606323,0.417297,0.424988,-3.98828,0.585938,9.09766,-9.28906,0.292969,-2.78906
49,4.901,-0.110291,0.172668,0.666565,0.716736,-0.52771,0.604858,0.416809,0.426575,-4.06641,0.664063,9.05859,-9.28906,0.410156,-2.75
50,5.0,-0.110962,0.172241,0.666626,0.716675,-0.529358,0.604309,0.415588,0.426514,-3.94922,0.625,9.09375,-9.32813,0.371094,-2.82813
51,5.1,-0.112,0.172424,0.666748,0.71637,-0.532166,0.603638,0.413879,0.425537,-4.02734,0.703125,9.05469,-9.25,0.332031,-2.75
52,5.2,-0.113464,0.171814,0.667175,0.715881,-0.536377,0.603149,0.413269,0.42157,-4.06641,0.433594,9.05859,-9.28906,0.292969,-2.78906
53,5.3,-0.114136,0.170593,0.667725,0.715515,-0.539429,0.605164,0.410889,0.417114,-3.18359,1.12109,9.29297,-9.5625,0.984375,-2.36719
54,5.401,-0.11084,0.170288,0.66687,0.716919,-0.542297,0.611267,0.402283,0.412842,-4.29688,1.19922,9.13672,-9.21094,-0.28125,-3.51953
55,5.5,-0.110352,0.177551,0.663574,0.718323,-0.539917,0.621155,0.391602,0.411499,-4.25781,1.12109,8.98828,-9.02344,0.0273438,-3.97656
56,5.6,-0.105835,0.177246,0.662781,0.719788,-0.539734,0.623901,0.384705,0.414124,-4.14453,0.394531,9.05469,-8.82813,-0.0507813,-3.74609
57,5.7,-0.101624,0.176819,0.66272,0.720581,-0.533997,0.625244,0.38208,0.421875,-4.29688,0.625,8.82813,-9.41016,0.792969,-3.32422
58,5.8,-0.0978394,0.174011,0.663391,0.72113,-0.531738,0.6203,0.38269,0.431335,-3.94922,0.28125,9.13281,-9.44531,0.0664063,-3.13281
59,5.901,-0.0898438,0.169373,0.66571,0.72113,-0.528198,0.61261,0.385132,0.444275,-3.75781,1.04688,9.28906,-9.37109,0.101563,-3.32422
60,6.0,-0.0771484,0.160645,0.668762,0.721863,-0.521729,0.603455,0.390808,0.459229,-4.41016,-0.292969,8.83203,-9.48828,-0.472656,-2.67578
61,6.1,-0.0704956,0.156616,0.669678,0.722473,-0.515442,0.598816,0.393921,0.469604,-2.60938,1.35156,9.59766,-9.44922,0.371094,-1.98438
62,6.2,-0.0703735,0.151123,0.669128,0.724243,-0.518738,0.59198,0.39447,0.474243,-4.60156,-0.449219,9.63281,-9.5625,-0.777344,-1.94531
63,6.3,-0.071106,0.148315,0.668457,0.725342,-0.520996,0.591064,0.389465,0.47699,-3.53125,1.66016,9.05469,-9.5625,-0.625,-2.0625
64,6.401,-0.0772705,0.144104,0.669189,0.724854,-0.520874,0.590942,0.386963,0.479248,-3.49219,1.3125,9.29297,-9.41016,-0.433594,-2.44531
65,6.5,-0.0634155,0.141479,0.666687,0.729004,-0.52179,0.587585,0.387817,0.481689,-3.30078,2.5,9.36719,-9.48828,-0.355469,-2.52344
66,6.6,-0.0698853,0.117126,0.668213,0.731323,-0.527527,0.573181,0.400757,0.482239,-2.11328,-1.0625,9.86328,-9.5625,-1.58203,-1.41016
67,6.7,-0.0681763,0.12384,0.668701,0.729919,-0.513733,0.575623,0.404541,0.490967,-4.29688,1.46875,9.67578,-9.5625,-0.0117188,-1.64063
68,6.8,-0.0543213,0.132874,0.669189,0.729065,-0.50238,0.578918,0.407776,0.496155,1.02734,3.0,8.86719,-9.67188,-0.355469,-0.566406
69,6.901,-0.0908203,0.151978,0.670349,0.720642,-0.493103,0.580017,0.415771,0.497559,0.835938,3.57422,9.37109,-9.67188,-0.125,-1.60156
70,7.0,-0.0825806,0.154358,0.667786,0.72345,-0.484741,0.583984,0.421204,0.496521,-2.15234,2.53906,8.79297,-9.79297,-0.0898438,-1.10547
71,7.1,-0.0913696,0.154663,0.66156,0.728027,-0.483093,0.582703,0.431763,0.490601,-4.83203,-0.640625,9.36719,-9.79297,0.21875,-1.83203
72,7.2,-0.093811,0.167847,0.656067,0.729797,-0.478027,0.581726,0.43573,0.493164,-3.45313,0.28125,9.21484,-9.63281,-0.0898438,-1.60156
73,7.3,-0.090332,0.165222,0.656921,0.730042,-0.46344,0.579468,0.439941,0.505859,-4.14453,0.625,9.13672,-9.63281,0.332031,-0.722656
74,7.401,-0.0838623,0.158081,0.660278,0.729431,-0.456787,0.579285,0.442078,0.510254,-3.07031,1.54297,9.21094,-9.60547,0.449219,-0.375
75,7.5,-0.0826416,0.159851,0.659973,0.729431,-0.465637,0.577393,0.446899,0.500061,-4.06641,0.703125,9.17578,-9.91016,0.371094,-1.33594
76,7.6,-0.0896606,0.164978,0.659119,0.72821,-0.468994,0.577393,0.443115,0.500305,-3.79688,0.929688,9.09766,-9.18359,0.21875,-0.914063
77,7.7,-0.0930786,0.167664,0.658203,0.727966,-0.470886,0.580139,0.436279,0.501404,-3.22266,1.19922,9.29297,-9.94922,0.714844,-1.10547
78,7.8,-0.0942383,0.172241,0.656677,0.728149,-0.473389,0.578796,0.432922,0.503479,-4.14453,0.0898438,9.09375,-9.67188,0.140625,-1.44922
79,7.901,-0.0958252,0.179871,0.654907,0.727722,-0.475952,0.577515,0.428589,0.506226,-3.91406,0.203125,9.02734,-9.48828,-0.164063,-1.21875
80,8.0,-0.0986328,0.183228,0.653809,0.727478,-0.474365,0.579163,0.421753,0.511536,-4.25781,1.12109,9.05469,-9.40625,-0.0117188,-0.914063
81,8.1,-0.0983276,0.18396,0.653259,0.727844,-0.472473,0.579712,0.417908,0.515747,-4.44922,0.96875,9.05859,-9.29297,0.257813,-0.988281
82,8.2,-0.0997314,0.186523,0.652588,0.7276,-0.47406,0.579346,0.415405,0.516785,-4.17969,0.96875,9.02344,-9.63281,-0.164063,-1.17969
83,8.3,-0.101624,0.18927,0.651978,0.727173,-0.476013,0.578064,0.414001,0.517578,-3.98828,0.96875,9.02734,-9.71094,-0.0117188,-0.914063
84,8.4,-0.102539,0.190857,0.651428,0.727112,-0.478333,0.577698,0.412292,0.517212,-4.29688,0.96875,8.94922,-9.75391,-0.28125,-1.14453
85,8.5,-0.101563,0.190979,0.651184,0.727417,-0.479248,0.577332,0.41156,0.517395,-4.10547,1.12109,9.02344,-9.5625,-0.242188,-1.14453
86,8.6,-0.102722,0.192078,0.650879,0.727295,-0.480408,0.577576,0.410278,0.516968,-4.17969,1.04688,9.02734,-9.56641,-0.316406,-1.14453
87,8.7,-0.103271,0.192383,0.650635,0.727295,-0.482361,0.577942,0.409546,0.515381,-4.06641,1.12109,9.02344,-9.52344,-0.28125,-1.29688
88,8.8,-0.1026,0.19281,0.650513,0.727417,-0.482056,0.578735,0.409241,0.514954,-4.10547,1.19922,8.98828,-9.56641,-0.203125,-1.17969
89,8.9,-0.102905,0.193298,0.650452,0.727295,-0.482178,0.579346,0.40918,0.514282,-4.14453,1.19922,8.98438,-9.5625,-0.203125,-1.25781
90,9.0,-0.102661,0.194092,0.650269,0.727295,-0.481506,0.579834,0.409729,0.513855,-4.14453,1.23828,8.98828,-9.60547,-0.125,-1.29688
91,9.1,-0.102051,0.194824,0.650085,0.727356,-0.480408,0.580627,0.410156,0.513611,-4.10547,1.16016,8.98438,-9.63672,-0.203125,-1.21875
92,9.2,-0.101196,0.196167,0.649719,0.727417,-0.479126,0.581482,0.410706,0.513489,-4.17969,1.16016,8.98438,-9.60156,-0.164063,-1.25781
93,9.3,-0.10083,0.197693,0.649231,0.727478,-0.478943,0.582092,0.411011,0.512695,-4.10547,1.27734,8.94922,-9.71484,-0.203125,-1.37109
94,9.4,-0.100525,0.197083,0.649414,0.727539,-0.478943,0.582397,0.411377,0.512024,-4.17969,1.19922,8.98828,-9.60156,-0.0898438,-1.29688
95,9.5,-0.100159,0.19696,0.649719,0.727356,-0.478516,0.582886,0.411682,0.511658,-4.14453,1.16016,8.98828,-9.56641,-0.0898438,-1.25781
96,9.6,-0.0979614,0.196777,0.649902,0.727539,-0.478027,0.582947,0.412292,0.511536,-4.14453,1.19922,8.98438,-9.60156,-0.0117188,-1.29688
97,9.7,-0.0968628,0.195923,0.650269,0.7276,-0.478271,0.582397,0.41333,0.511108,-4.06641,1.23828,9.02344,-9.67578,-0.0898438,-1.21875
98,9.8,-0.0958862,0.195374,0.650574,0.727539,-0.478455,0.58197,0.414124,0.510803,-4.10547,1.16016,9.02344,-9.56641,-0.0898438,-1.21875
99,9.9,-0.0947876,0.195007,0.650879,0.727539,-0.478027,0.581848,0.414673,0.510864,-4.02734,1.3125,9.02734,-9.60547,-0.0898438,-1.25781
100,10.0,-0.0933838,0.194885,0.651001,0.727661,-0.477722,0.581787,0.414917,0.511047,-4.06641,1.3125,9.02344,-9.60156,-0.0117188,-1.17969
101,10.1,-0.0928345,0.194214,0.651245,0.727722,-0.477661,0.581604,0.414917,0.511292,-4.06641,1.19922,9.02734,-9.63281,-0.125,-1.29688
102,10.2,-0.0927734,0.194275,0.651306,0.727661,-0.478027,0.581482,0.414734,0.511292,-4.02734,1.19922,9.02344,-9.63672,-0.0507813,-1.21875
103,10.3,-0.0930176,0.193909,0.651428,0.7276,-0.478455,0.581116,0.414551,0.511414,-4.10547,1.19922,9.02734,-9.60547,-0.0898438,-1.25781
104,10.4,-0.0929565,0.193665,0.65155,0.727539,-0.478943,0.580933,0.414246,0.511414,-3.98828,1.16016,9.05469,-9.67578,-0.125,-1.29688
105,10.5,-0.0928345,0.193176,0.651733,0.727478,-0.478821,0.580688,0.414185,0.511841,-3.91406,1.19922,9.05859,-9.67188,-0.0507813,-1.14453
106,10.6,-0.0922852,0.192627,0.651978,0.727539,-0.478577,0.580322,0.414185,0.512451,-4.02734,1.19922,9.05859,-9.63672,-0.125,-1.21875
107,10.7,-0.092041,0.1922,0.6521,0.7276,-0.478699,0.5802,0.414001,0.512695,-4.02734,1.16016,9.05469,-9.63672,-0.125,-1.25781
108,10.8,-0.0921021,0.192383,0.652039,0.7276,-0.478821,0.580139,0.413757,0.512756,-3.98828,1.16016,9.05469,-9.67188,-0.164063,-1.25781
109,10.9,-0.0927734,0.192749,0.651978,0.727417,-0.479126,0.580139,0.413696,0.512573,-4.02734,1.08594,9.02734,-9.63281,-0.0898438,-1.21875
110,11.0,-0.0927734,0.19281,0.652039,0.727356,-0.479065,0.580078,0.413635,0.512756,-4.02734,1.12109,9.02734,-9.56641,-0.0898438,-1.25781
111,11.1,-0.0928955,0.192871,0.651978,0.727417,-0.479431,0.579956,0.41333,0.512817,-4.02734,1.16016,9.05469,-9.63672,-0.125,-1.21875
112,11.2,-0.0942383,0.193481,0.651855,0.727173,-0.481262,0.579834,0.413147,0.511353,-4.02734,1.08594,9.05469,-9.63281,-0.125,-1.29688
113,11.3,-0.0956421,0.194397,0.651794,0.726807,-0.482483,0.579956,0.412903,0.510254,-4.06641,1.08594,9.02344,-9.60156,-0.164063,-1.37109
114,11.4,-0.0958252,0.193909,0.652039,0.726685,-0.482605,0.579956,0.412842,0.510132,-3.91406,1.19922,9.05859,-9.67188,-0.164063,-1.33594
115,11.5,-0.0947876,0.193665,0.651978,0.726929,-0.482422,0.579956,0.41272,0.510498,-4.06641,1.16016,9.02344,-9.56641,-0.125,-1.29688
116,11.601,-0.09552,0.194458,0.651794,0.726807,-0.483093,0.580261,0.411987,0.510071,-4.02734,1.08594,9.02734,-9.63672,-0.203125,-1.37109
117,11.7,-0.0963745,0.194824,0.651733,0.726624,-0.483521,0.580383,0.411682,0.509766,-4.10547,1.04688,8.98828,-9.60156,-0.242188,-1.37109
118,11.8,-0.0964966,0.194824,0.651794,0.726563,-0.483215,0.580444,0.411926,0.509827,-4.02734,1.16016,8.98828,-9.5625,-0.0898438,-1.29688
119,11.9,-0.0960693,0.194824,0.651794,0.726624,-0.48291,0.580078,0.412476,0.510071,-4.10547,1.08594,9.02344,-9.60156,-0.203125,-1.41016
120,12.0,-0.0953979,0.195313,0.651672,0.726685,-0.482483,0.580261,0.412231,0.510498,-4.06641,1.12109,9.02344,-9.67188,-0.125,-1.21875
121,12.101,-0.0963135,0.196472,0.651245,0.726624,-0.48291,0.580444,0.411926,0.510071,-4.10547,1.12109,8.98438,-9.52344,-0.125,-1.44922
122,12.2,-0.0969238,0.197571,0.651001,0.726501,-0.482971,0.580505,0.411865,0.51001,-4.02734,1.12109,8.98828,-9.67188,-0.203125,-1.33594
123,12.3,-0.0963135,0.197205,0.651062,0.726624,-0.482544,0.580505,0.41217,0.510193,-4.06641,1.08594,8.98438,-9.56641,-0.125,-1.29688
124,12.4,-0.0960083,0.196716,0.651184,0.726685,-0.482361,0.580688,0.412231,0.510071,-4.06641,1.12109,8.98438,-9.63672,-0.242188,-1.41016
125,12.5,-0.0957031,0.195984,0.651428,0.726685,-0.482056,0.580872,0.413147,0.509399,-4.10547,1.12109,9.02344,-9.60156,-0.125,-1.33594
126,12.601,-0.0945435,0.195496,0.651672,0.726685,-0.481445,0.581177,0.413757,0.509216,-4.06641,1.16016,9.02344,-9.60156,-0.125,-1.33594
127,12.7,-0.0938721,0.19519,0.651917,0.726685,-0.481506,0.581177,0.414612,0.508423,-4.02734,1.19922,9.02344,-9.60547,-0.0898438,-1.33594
128,12.8,-0.0935669,0.194946,0.652039,0.726685,-0.481567,0.581238,0.415222,0.507813,-4.06641,1.23828,9.02344,-9.60156,-0.0507813,-1.33594
129,12.9,-0.0934448,0.194702,0.652283,0.726563,-0.481323,0.58075,0.416626,0.507446,-4.10547,1.12109,9.02344,-9.63672,-0.164063,-1.41016
130,13.0,-0.0914307,0.19397,0.652405,0.726868,-0.479065,0.580994,0.417786,0.508362,-4.06641,1.27734,9.02344,-9.60547,0.0664063,-1.21875
131,13.101,-0.0899048,0.19397,0.652466,0.727051,-0.478455,0.581238,0.418457,0.508057,-3.98828,1.3125,9.02734,-9.60156,0.0273438,-1.25781
132,13.2,-0.0899048,0.194397,0.652466,0.726929,-0.478638,0.58136,0.418701,0.507568,-4.06641,1.27734,9.05859,-9.60156,0.0664063,-1.29688
133,13.3,-0.0899048,0.194031,0.652588,0.726868,-0.478516,0.581726,0.418884,0.507141,-4.02734,1.27734,9.02734,-9.63281,0.0664063,-1.25781
134,13.4,-0.0901489,0.194397,0.652527,0.726807,-0.479004,0.581726,0.419006,0.506531,-4.02734,1.23828,9.02734,-9.67188,0.0273438,-1.25781
135,13.5,-0.0904541,0.194702,0.652527,0.726746,-0.479614,0.581787,0.419128,0.505798,-3.98828,1.27734,9.05469,-9.63281,-0.0117188,-1.33594
136,13.601,-0.0914917,0.195557,0.652405,0.726501,-0.480713,0.58197,0.41864,0.504883,-4.02734,1.27734,9.02734,-9.63281,0.0664063,-1.33594
137,13.7,-0.0933838,0.196411,0.652222,0.726135,-0.481873,0.581909,0.418152,0.504333,-4.02734,1.27734,9.02734,-9.60156,0.0273438,-1.41016
138,13.8,-0.0939331,0.196533,0.652222,0.726013,-0.482361,0.581299,0.417969,0.5047,-4.06641,1.16016,8.98438,-9.56641,-0.0117188,-1.41016
139,13.9,-0.0933228,0.195862,0.652466,0.726074,-0.481445,0.580566,0.417847,0.506531,-4.02734,1.16016,9.02734,-9.67188,-0.0507813,-1.37109
140,14.0,-0.0912476,0.194641,0.652588,0.726563,-0.479187,0.579834,0.416992,0.510193,-3.94922,1.27734,9.05859,-9.63672,-0.0507813,-1.21875
141,14.101,-0.0892334,0.193359,0.652588,0.727173,-0.477783,0.579041,0.415466,0.513611,-3.98828,1.27734,9.09766,-9.67578,-0.0507813,-1.17969
142,14.2,-0.0888062,0.192993,0.652344,0.727539,-0.477417,0.578308,0.413696,0.516296,-4.06641,1.23828,9.05859,-9.60156,-0.203125,-1.25781
143,14.3,-0.0883179,0.192749,0.652161,0.727844,-0.47522,0.577942,0.411194,0.520691,-3.875,1.3125,9.09766,-9.63281,-0.203125,-1.17969
144,14.4,-0.0872192,0.1922,0.652222,0.728027,-0.471924,0.577332,0.408447,0.526489,-3.75781,1.27734,9.09766,-9.71484,-0.242188,-0.988281
145,14.5,-0.0866699,0.191589,0.652283,0.72821,-0.469055,0.577087,0.403503,0.53302,-3.79688,1.42969,9.09766,-9.63672,-0.203125,-0.914063
146,14.601,-0.0864868,0.19104,0.651978,0.728699,-0.468384,0.576965,0.400635,0.535889,-4.02734,1.27734,9.09766,-9.67188,-0.394531,-0.875
147,14.7,-0.0892334,0.191956,0.65155,0.728455,-0.47406,0.575745,0.391357,0.539063,-4.17969,0.777344,9.05859,-9.60547,-0.855469,-0.835938
148,14.8,-0.10022,0.191101,0.652527,0.726379,-0.480042,0.578857,0.379517,0.53894,-4.06641,0.929688,9.48047,-10.1367,-1.12109,-0.875
149,14.9,-0.111328,0.195496,0.65094,0.724976,-0.480774,0.592712,0.350952,0.542542,-4.25781,0.203125,10.0547,-10.0547,-1.27734,-1.25781
150,15.0,-0.118408,0.215332,0.630676,0.736084,-0.468567,0.61145,0.325623,0.548218,-3.375,6.17969,9.17578,-9.33203,-1.50391,-1.02734
151,15.101,-0.0889282,0.226074,0.600891,0.761475,-0.455017,0.615417,0.318787,0.559143,-7.51172,4.14844,9.25,-9.37109,-2.08203,-1.75391
152,15.2,-0.064209,0.220459,0.561768,0.7948,-0.434875,0.633179,0.288696,0.571472,-4.17969,2.84766,8.82813,-9.56641,-1.73438,-1.75391
153,15.3,-0.0604248,0.223633,0.543457,0.806885,-0.427856,0.650452,0.258057,0.572083,-4.33594,4.41797,8.67578,-9.41016,-1.00781,-1.5625
154,15.4,-0.0614624,0.221191,0.529846,0.816406,-0.434998,0.652344,0.248535,0.568726,-4.17969,2.23438,8.52734,-9.40625,-0.703125,-2.78906
155,15.5,-0.0631104,0.216614,0.532593,0.815735,-0.436096,0.661743,0.236938,0.561951,-5.55859,1.8125,9.09375,-10.0195,-1.16016,-2.90625
156,15.601,-0.0655518,0.217651,0.531738,0.815796,-0.452271,0.669922,0.224976,0.544128,-5.13672,0.625,8.67188,-9.48438,-1.8125,-3.51953
157,15.7,-0.0872803,0.222229,0.532898,0.811829,-0.458069,0.687134,0.202087,0.526489,-1.23047,0.28125,9.25391,-8.52734,-2.69141,-1.41016
158,15.8,-0.0950928,0.222473,0.51593,0.821716,-0.451294,0.691711,0.190674,0.530579,-0.925781,-1.32813,8.83203,-8.44531,-2.80859,-1.29688
159,15.9,-0.083252,0.184937,0.500854,0.841431,-0.443604,0.6875,0.190491,0.54248,-2.87891,-0.179688,9.25391,-8.75781,-2.73047,-2.0625
160,16.0,-0.0712891,0.148621,0.49762,0.851624,-0.427673,0.669983,0.194641,0.574707,-2.64844,-0.871094,9.55469,-8.86719,-2.65625,-2.10156
161,16.101,-0.0612183,0.129944,0.493286,0.85791,-0.403015,0.634766,0.201599,0.627686,-1.61328,-1.36719,9.48047,-8.71875,-2.53906,-0.605469
162,16.2,-0.0477905,0.0846558,0.487366,0.867737,-0.372375,0.609619,0.203186,0.669617,-0.386719,0.0117188,8.56641,-8.14453,-2.08203,0.0820313
163,16.3,-0.0168457,0.038147,0.468323,0.882568,-0.350586,0.57196,0.219666,0.708313,-0.734375,-1.32813,8.10156,-8.10547,-1.85156,-0.339844
164,16.4,0.00378418,-0.00439453,0.469116,0.883118,-0.326782,0.54187,0.234619,0.737915,-0.578125,0.28125,7.21875,-7.33984,-1.8125,0.542969
165,16.5,0.0218506,-0.0383911,0.461792,0.885864,-0.2995,0.528442,0.24115,0.756836,0.339844,1.62109,8.06641,-7.41406,-1.8125,1.96094
166,16.601,0.0626221,-0.0359497,0.430664,0.899658,-0.280762,0.531433,0.23999,0.762329,1.25781,1.50781,10.1719,-8.64453,-1.85156,2.80469
167,16.7,0.0618896,-0.0301514,0.420959,0.90448,-0.286255,0.543274,0.238708,0.752319,1.52734,4.30078,9.55469,-9.0625,-1.23828,3.30078
168,16.8,0.0267334,-0.0447388,0.420898,0.905579,-0.309204,0.551575,0.24707,0.734253,9.30469,12.3086,17.8672,-20.7422,-5.79688,6.55859
169,16.9,-0.0693359,0.0419312,0.431213,0.898621,-0.329529,0.601013,0.236816,0.688599,-1.5,11.582,11.0508,-12.5469,-0.738281,-0.261719
170,17.0,-0.00616455,0.0988159,0.403381,0.909668,-0.348572,0.621277,0.247375,0.656738,-4.41016,-5.50391,9.02734,-9.75391,-1.92578,-0.339844
171,17.101,-0.0406494,0.177979,0.409363,0.893921,-0.354431,0.647034,0.248291,0.627808,-6.13281,4.03516,8.75391,-10.0156,-0.894531,-1.75391
172,17.2,-0.0357056,0.200867,0.406128,0.890747,-0.359436,0.664368,0.250916,0.605347,-5.25391,2.69531,8.79297,-9.14063,-0.511719,-2.0625
173,17.3,-0.0523071,0.213318,0.407593,0.886353,-0.360657,0.668457,0.251892,0.59967,-4.10547,1.04688,8.94531,-9.48438,-0.929688,-1.60156
174,17.4,-0.0549316,0.219788,0.406494,0.885132,-0.35791,0.677124,0.250549,0.592163,-4.29688,0.929688,8.91016,-9.44531,-1.42969,-1.98438
175,17.601,-0.0506592,0.22229,0.40802,0.884033,-0.34314,0.694336,0.238464,0.585876,-4.91016,0.816406,8.78906,-9.63281,0.179688,-1.94531
176,17.875,-0.0401001,0.223938,0.408325,0.884033,-0.280334,0.756165,0.115601,0.579895,-5.02344,1.27734,10.4023,-9.52734,-1.19922,-2.36719
177,17.985,-0.0354614,0.254822,0.363647,0.895325,-0.204102,0.792297,0.0288696,0.574219,1.29688,2.80859,7.48438,-8.60156,-1.66016,-1.75391
178,18.076,0.017334,0.245117,0.210083,0.946289,-0.160522,0.798462,-0.00598145,0.5802,-3.22266,-1.90234,7.90625,-8.48828,-3.53516,-1.64063
179,18.128,0.0324097,0.23822,0.170166,0.955627,-0.130127,0.795105,-0.0258789,0.591797,-4.21875,0.0117188,9.9375,-8.76172,-3.87891,-1.48828
180,18.198,0.0299683,0.219666,0.143555,0.964478,-0.105713,0.786987,-0.0436401,0.606262,-2.72656,-0.984375,9.21484,-9.33203,-3.19141,-1.48828
181,18.255,0.0447388,0.205688,0.111328,0.971252,-0.0866089,0.77655,-0.0599976,0.621155,-3.60547,1.35156,9.40625,-9.44531,-2.38672,-1.37109
182,18.311,0.0463257,0.173706,0.0770264,0.980713,-0.0700684,0.753113,-0.0804443,0.649231,-3.10938,1.08594,9.75391,-9.33203,-2.53906,-1.29688
183,18.36,0.0463257,0.173706,0.0770264,0.980713,-0.0700684,0.753113,-0.0804443,0.649231,-3.83594,0.472656,9.78906,-9.06641,-2.11719,-0.875
184,18.409,0.0507202,0.140015,0.0349731,0.98822,-0.0369263,0.7276,-0.110229,0.676086,-2.64844,1.58203,8.94531,-8.90625,-1.89063,-0.683594
185,18.5,0.0636597,0.103088,-0.0126343,0.992554,-0.0181274,0.71405,-0.124084,0.688721,-3.72266,2.23438,8.94531,-8.98828,-1.16016,-0.492188
186,18.601,0.0664673,0.0632324,-0.0526123,0.994385,0.0128174,0.686829,-0.1427,0.712585,-2.07422,-0.753906,8.44531,-8.375,-1.35156,0.0820313
187,18.7,0.0953979,0.0299072,-0.122437,0.987427,0.0628052,0.657593,-0.167664,0.73175,-2.91797,2.73047,7.87109,-8.60547,-0.625,0.199219
188,18.8,0.085022,0.0258789,-0.16803,0.98175,0.109802,0.641113,-0.191528,0.734985,4.28516,1.92578,11.9688,-12.7773,-1.08594,7.32422
189,18.9,0.0580444,0.0829468,-0.16687,0.980774,0.0958862,0.671875,-0.167908,0.714966,-2.15234,-5.8125,9.71094,-8.87109,0.449219,-0.796875
190,19.0,0.0856934,0.103333,-0.167358,0.976685,0.102905,0.699097,-0.150818,0.691345,-0.773438,-3.12891,9.85938,-9.83203,-1.27734,-0.183594
191,19.101,0.112549,0.143616,-0.163086,0.969604,0.106262,0.708069,-0.139893,0.683899,-5.29297,8.59375,8.91016,-10.0977,0.410156,-0.835938
192,19.2,0.0856934,0.153992,-0.157104,0.971741,0.122009,0.720215,-0.131165,0.670227,-2.87891,1.89063,9.51563,-9.86719,-0.0117188,-0.835938
193,19.3,0.0924072,0.162231,-0.157349,0.969727,0.134338,0.730225,-0.128418,0.657471,-3.875,2.38672,9.21484,-9.60547,0.101563,-1.10547
194,19.4,0.103943,0.165955,-0.159668,0.967529,0.152161,0.743835,-0.1297,0.637756,-3.41406,1.92578,8.98438,-9.67188,0.332031,-1.37109
195,19.5,0.110779,0.180115,-0.162292,0.963806,0.156189,0.749939,-0.1297,0.629578,-3.45313,2.30859,9.02344,-9.37109,0.523438,-1.67969
196,19.601,0.116577,0.184998,-0.165649,0.961609,0.162781,0.763,-0.129089,0.612061,-3.79688,2.73047,8.98438,-9.75,0.792969,-2.17578
197,19.7,0.121094,0.190857,-0.167725,0.959595,0.167419,0.777893,-0.128662,0.591919,-3.75781,2.92188,8.98828,-9.52734,-0.355469,-2.55859
198,19.8,0.128357,0.204102,-0.167358,0.955933,0.182922,0.794983,-0.141663,0.560791,-3.375,3.26953,9.36719,-11.0586,0.753906,-2.52344
199,19.9,0.116089,0.268005,-0.157166,0.94342,0.205811,0.832886,-0.178711,0.481628,-3.72266,0.355469,10.2148,-10.5156,-0.546875,-2.82813
200,20.0,0.202393,0.373291,-0.189392,0.885376,0.21637,0.851013,-0.193542,0.437683,-9.39063,10.7383,6.10938,-9.71094,-0.929688,-5.625
201,20.101,0.233093,0.393738,-0.321106,0.829163,0.262878,0.875549,-0.218811,0.341187,2.5625,-11.5977,6.60938,-8.56641,-0.855469,-2.10156
202,20.2,0.233704,0.326477,-0.467346,0.787659,0.336609,0.844849,-0.297668,0.290344,-2.45703,4.41797,8.60156,-8.67969,-2.27344,-2.33203
203,20.3,0.176392,0.264648,-0.43335,0.843262,0.366272,0.763062,-0.336426,0.412842,-6.13281,1.42969,10.7422,-9.78906,-2.69141,-3.01953
204,20.4,0.152649,0.128296,-0.479431,0.854614,0.373962,0.716736,-0.362915,0.46344,-4.60156,2.38672,10.7422,-10.5547,-2.76953,-3.21094
205,20.5,0.116455,0.0170288,-0.476929,0.871033,0.358765,0.612793,-0.39917,0.580017,-4.64063,-0.871094,7.10156,-9.86719,-2.88672,-4.16797
206,20.601,0.118347,-0.0412598,-0.487122,0.864258,0.342957,0.519592,-0.430237,0.653687,-12.3789,0.394531,1.62891,-7.75781,-0.546875,-6.23828
207,20.7,0.101746,-0.00506592,-0.511536,0.85321,0.360229,0.530457,-0.430115,0.635498,-14.6719,-5.39063,11.7422,-12.7773,-1.16016,-0.414063
208,20.8,0.137451,0.0283813,-0.511292,0.847839,0.361328,0.566406,-0.399658,0.623596,-0.00390625,1.62109,9.02734,-9.25,1.55859,1.00391
209,20.9,0.13092,0.121155,-0.497864,0.848694,0.365051,0.579895,-0.385254,0.618042,-1.5,3.42188,9.75,-10.0977,0.257813,-0.148438
210,21.0,0.143188,0.125366,-0.500793,0.844421,0.378784,0.60083,-0.367432,0.600464,-2.87891,1.3125,9.32813,-9.86719,0.484375,-0.414063
211,21.101,0.156677,0.135193,-0.502319,0.839539,0.391846,0.617004,-0.358154,0.580933,-3.03125,1.23828,9.05469,-9.63281,0.449219,-1.48828
212,21.2,0.163513,0.139282,-0.504883,0.835999,0.403992,0.641541,-0.340576,0.55603,-3.07031,1.62109,9.09375,-9.79297,-0.242188,-1.5625
213,21.3,0.170776,0.14447,-0.505493,0.833313,0.40918,0.64801,-0.337402,0.546631,-3.83594,2.27344,8.98438,-9.71094,0.679688,-1.87109
214,21.4,0.177551,0.150208,-0.506409,0.830322,0.421753,0.659851,-0.33136,0.526184,-4.41016,1.16016,8.75391,-9.52734,0.179688,-2.78906
215,21.5,0.183289,0.154175,-0.506104,0.828552,0.446899,0.673157,-0.33197,0.486755,-3.75781,2.27344,9.02344,-9.79297,0.640625,-2.82813
216,21.601,0.19397,0.163818,-0.504944,0.824951,0.47467,0.680481,-0.350159,0.434814,-3.875,2.15625,9.55859,-10.5586,0.601563,-2.02344
217,21.7,0.220947,0.222229,-0.494995,0.810364,0.51062,0.698914,-0.358215,0.349976,-4.17969,-0.292969,8.10547,-9.86719,-2.08203,-5.01172
218,21.8,0.284851,0.304993,-0.492859,0.763489,0.525513,0.701172,-0.361877,0.318237,-8.89063,0.664063,5.38281,-6.38281,-0.242188,-7.58203
219,21.9,0.275574,0.32605,-0.610596,0.667053,0.560852,0.687195,-0.377991,0.265198,-10.7305,-12.3203,2.58594,-6.57422,-0.0898438,-6.66016
220,22.0,0.312256,0.238159,-0.800293,0.453064,0.657654,0.586914,-0.44458,0.159363,-8.31641,2.84766,4.23438,-5.65234,-2.5,-8.04297
221,22.101,0.297363,0.277893,-0.802246,0.436707,0.752441,0.458557,-0.468018,0.0675049,-4.5625,-0.601563,6.76172,-6.61328,-3.42188,-3.44141
222,22.2,0.355164,0.16156,-0.91217,0.125122,-0.836731,-0.202454,0.498047,0.103821,-5.21484,-1.63672,7.45703,-7.91797,-2.46484,-2.0625
223,22.3,0.341553,0.116089,-0.932495,0.0167236,-0.835938,-0.107666,0.515686,0.153992,-4.71875,0.738281,9.21484,-9.5625,-2.08203,-1.48828
224,22.4,-0.25177,-0.00146484,0.943237,0.216675,-0.762207,0.111877,0.590637,0.240112,-4.91016,-1.28906,8.86719,-10.0156,-2.08203,-1.60156
225,22.5,-0.208984,0.0269165,0.943909,0.254211,-0.735535,0.140991,0.614929,0.246887,-14.9453,-7.99609,4.61719,-10.25,-2.46484,-2.90625
226,22.601,-0.177795,0.111816,0.941345,0.263977,-0.72052,0.148804,0.640625,0.219849,-7.85938,-1.02344,8.67578,-9.37109,-1.46875,0.238281
227,22.7,-0.193726,0.116516,0.93988,0.255859,-0.730957,0.140808,0.638,0.197083,-8.50781,9.97266,8.17969,-9.60547,-0.855469,-2.21484
228,22.8,-0.204102,0.0956421,0.942932,0.245239,-0.746765,0.158081,0.62207,0.174255,-4.29688,4.49219,8.90625,-10.0547,1.28906,-2.17578
229,22.9,-0.204956,0.0911865,0.942871,0.246399,-0.754456,0.183777,0.608337,0.164124,-4.79297,0.472656,8.56641,-9.37109,-0.242188,-2.29297
230,23.0,-0.205627,0.0930786,0.942078,0.248108,-0.756287,0.191223,0.603333,0.165894,-4.10547,1.77344,8.83203,-9.48438,-0.0898438,-2.33203
231,23.101,-0.20459,0.0886841,0.942139,0.250366,-0.766602,0.213562,0.580933,0.171143,-4.25781,1.62109,8.91016,-9.48438,-0.164063,-2.90625
232,23.2,-0.206543,0.0923462,0.940918,0.251892,-0.775757,0.227539,0.563171,0.171204,-4.71875,1.62109,8.75391,-9.28906,-0.0507813,-3.25
233,23.3,-0.215881,0.0969849,0.938354,0.251953,-0.781616,0.234314,0.552124,0.171326,-4.52734,1.85156,8.79297,-9.21094,0.5625,-3.40234
234,23.4,-0.236816,0.103882,0.932556,0.251953,-0.796082,0.244995,0.526367,0.170776,-4.37109,1.77344,9.02344,-11.0156,0.640625,-2.67578
235,23.5,-0.323303,0.124695,0.906738,0.240356,-0.843323,0.262695,0.432861,0.180054,-4.5625,-0.257813,8.71484,-12.5508,-1.12109,-1.79297
236,23.601,-0.515442,0.216125,0.799072,0.221741,-0.856079,0.287781,0.377991,0.203552,-13.2227,-0.871094,6.57031,-8.98828,-1.3125,-5.89453
237,23.7,-0.561707,0.362,0.658386,0.346313,-0.879578,0.331116,0.265076,0.215515,6.73828,11.8828,3.69922,-5.23438,-0.242188,-3.09766
238,23.8,-0.523193,0.297119,0.717529,0.350952,-0.860779,0.362427,0.263,0.241882,-7.01563,-9.75781,4.84766,-4.01172,-1.50391,-3.67188
239,23.9,-0.409119,0.251526,0.787048,0.387146,-0.819031,0.344849,0.367981,0.273621,-9.23438,-0.292969,5.34375,-7.57422,-0.855469,-5.66406
240,24.0,-0.282959,0.1922,0.860535,0.37738,-0.755127,0.300537,0.500854,0.297729,-8.47266,1.00781,8.10156,-9.25,-1.73438,-4.78125
241,24.101,-0.150024,0.138062,0.918518,0.338745,-0.712524,0.274292,0.567139,0.308899,-8.50781,3.19141,9.63281,-11.3633,-1.3125,-4.12891
242,24.2,-0.0270386,0.105103,0.953186,0.282166,-0.615662,0.21051,0.688965,0.319275,-10.9258,1.77344,4.92188,-10.5195,-0.585938,-4.97266
243,24.3,0.00537109,0.119507,0.961487,0.247498,-0.560425,0.197266,0.741394,0.312012,-12.2695,-0.5625,0.863281,-6.23047,1.32813,-9.83984
244,24.4,-0.0455322,0.00665283,0.973877,0.222412,-0.593445,0.18811,0.726929,0.289917,-7.82031,29.5469,4.96094,-9.5625,-1.77344,-0.339844
245,24.5,-0.169189,0.0227051,0.959595,0.223755,-0.648376,0.202637,0.691101,0.246887,-10.1563,-8.76172,5.72656,-9.78906,0.179688,-0.492188
246,24.601,-0.143677,0.131226,0.945313,0.26178,-0.662659,0.201477,0.682434,0.233643,-5.52344,-4.27734,8.75,-9.60156,0.101563,-0.644531
247,24.7,-0.155029,0.129333,0.944153,0.260498,-0.693726,0.203918,0.657654,0.211365,-5.0625,5.67969,8.78906,-9.75,0.371094,-0.605469
248,24.8,-0.167175,0.112732,0.945679,0.254944,-0.702637,0.207031,0.648376,0.207581,-4.83203,4.91406,8.98828,-9.67578,-0.242188,-1.67969
249,24.9,-0.169861,0.10437,0.946533,0.253601,-0.727173,0.209167,0.624023,0.195007,-4.64063,3.07813,8.94531,-9.52344,0.21875,-1.64063
250,25.0,-0.17572,0.104919,0.945068,0.254883,-0.743347,0.214905,0.603699,0.191772,-3.94922,0.664063,8.94922,-9.52344,-0.355469,-2.13672
251,25.101,-0.177246,0.109863,0.943481,0.257629,-0.752502,0.219116,0.59082,0.191467,-4.25781,2.27344,8.98438,-9.75391,0.179688,-2.75
252,25.2,-0.187744,0.109619,0.940857,0.259827,-0.789734,0.222046,0.536682,0.19751,-3.45313,1.96484,9.55469,-9.71094,0.101563,-3.05859
253,25.3,-0.223267,0.127563,0.928406,0.268311,-0.806702,0.217712,0.510437,0.203186,-2.91797,3.34375,8.67188,-11.2422,-1.85156,-2.71484
254,25.4,-0.367188,0.169617,0.872803,0.273254,-0.855286,0.231506,0.39093,0.249207,-9.73828,1.66016,9.40625,-10.5586,0.0664063,-5.73828
255,25.5,-0.513306,0.193115,0.778442,0.305359,-0.872681,0.237183,0.345154,0.251038,-11.1094,3.6875,4.76953,-7.33594,-2.42578,-6.66016
256,25.601,-0.550354,0.177612,0.738098,0.347595,-0.889221,0.263184,0.269958,0.259033,-4.87109,1.50781,4.30859,-4.77734,-2.88672,-4.24609
257,25.7,-0.569214,0.202087,0.7276,0.325195,-0.88385,0.277832,0.270325,0.26178,-5.67188,-2.28516,4.38672,-4.96094,-3.07813,-4.62891
258,25.8,-0.555603,0.239075,0.725952,0.327454,-0.875488,0.278381,0.296326,0.261108,-10.1953,2.34766,6.10938,-6.83984,-2.30859,-5.69922
259,25.9,-0.464417,0.196228,0.80719,0.307007,-0.845642,0.275208,0.366516,0.273499,-7.20703,4.45703,6.83984,-8.44922,-1.85156,-3.71094
260,26.0,-0.351685,0.18396,0.858398,0.325073,-0.795349,0.266785,0.459045,0.292419,-7.51172,-3.51172,8.67188,-9.44531,-1.85156,-2.98047
261,26.101,-0.228882,0.152466,0.914551,0.296631,-0.723694,0.233093,0.579102,0.29425,-7.4375,1.16016,8.44922,-10.5195,-0.96875,-2.67578
262,26.2,-0.107483,0.126953,0.948486,0.269653,-0.59668,0.195496,0.719238,0.297424,-6.98047,0.546875,5.76563,-8.94531,-0.511719,-2.02344
263,26.3,-0.0317993,0.116638,0.960205,0.251831,-0.577026,0.187256,0.738953,0.293152,-8.54688,1.16016,5.84375,-7.91406,-0.816406,-2.25391
264,26.4,-0.0164185,0.0953369,0.967957,0.231812,-0.61322,0.144287,0.735779,0.248596,0.109375,5.33594,12.3125,-12.5508,-1.8125,9.04688
265,26.5,-0.117065,0.0482788,0.972473,0.195618,-0.632874,0.133118,0.726379,0.232483,0.835938,19.2461,5.38281,-9.48828,3.70313,-1.21875
266,26.601,-0.202881,0.102051,0.948975,0.218933,-0.695374,0.16687,0.669189,0.201904,-14.6406,-20.6367,3.12109,-9.98438,-0.511719,-1.52734
267,26.7,-0.202698,0.184021,0.929321,0.247925,-0.721741,0.179138,0.643494,0.181396,-7.35938,4.64844,7.60547,-9.86719,-0.242188,-2.17578
268,26.8,-0.219238,0.11676,0.94342,0.219666,-0.726624,0.184509,0.637695,0.17688,-6.59375,8.9375,8.48438,-9.41016,0.0273438,-1.94531
269,26.9,-0.217285,0.107971,0.945923,0.215393,-0.726746,0.200439,0.632751,0.176941,-3.98828,1.23828,8.79297,-9.67188,-0.125,-1.60156
270,27.0,-0.220886,0.117676,0.943298,0.217957,-0.722717,0.213928,0.631897,0.180725,-5.33203,3.15234,8.67578,-9.33203,0.753906,-1.14453
271,27.101,-0.233887,0.120117,0.939575,0.219238,-0.737122,0.216003,0.614746,0.179138,-5.10156,2.19531,8.5625,-9.25,0.449219,-2.59766
272,27.201,-0.233215,0.116028,0.940308,0.219055,-0.743958,0.210999,0.609619,0.174316,-4.33594,0.625,8.87109,-9.98828,-0.703125,-2.13672
273,27.3,-0.228516,0.121582,0.940735,0.219177,-0.742615,0.213623,0.610474,0.17395,-4.44922,0.777344,8.75,-9.60547,0.90625,-1.87109
274,27.401,-0.233032,0.122864,0.939453,0.219238,-0.763184,0.209106,0.587891,0.167847,-4.48828,0.511719,8.82813,-9.44922,-0.625,-3.05859
275,27.5,-0.241455,0.126892,0.936829,0.218872,-0.77887,0.199646,0.570618,0.166992,-4.75391,2.04297,8.83203,-9.75391,-0.511719,-3.13281
276,27.6,-0.252563,0.131042,0.933228,0.219238,-0.790894,0.18634,0.557007,0.171753,-5.17578,1.35156,8.44922,-9.06641,-0.355469,-3.09766
277,27.701,-0.276917,0.138855,0.925476,0.218079,-0.797729,0.179016,0.549011,0.173584,-5.52344,1.77344,8.25781,-9.18359,-1.12109,-3.44141
278,27.8,-0.308716,0.14093,0.915283,0.217102,-0.822388,0.165894,0.511597,0.185486,-6.01953,1.35156,7.80078,-8.76172,-1.35156,-3.90234
279,27.901,-0.35199,0.153381,0.898071,0.214539,-0.840698,0.156311,0.481506,0.192139,-6.82422,1.42969,7.25781,-8.5625,-1.39063,-4.20703
280,28.0,-0.377319,0.156311,0.887939,0.211609,-0.849976,0.151733,0.465515,0.194397,-7.62891,2.15625,6.72266,-8.94922,-1.62109,-5.01172
281,28.1,-0.460083,0.155945,0.850098,0.203308,-0.865234,0.148804,0.433594,0.203064,-9.5,0.320313,6.49219,-8.22266,-1.73438,-6.3125
282,28.201,-0.499817,0.154541,0.823181,0.220642,-0.875916,0.147339,0.404053,0.218506,-8.89063,2.34766,4.96094,-6.19141,-2.80859,-6.27734
283,28.3,-0.502136,0.139893,0.82373,0.223206,-0.892944,0.136658,0.37439,0.209351,-3.75781,5.14453,4.65625,-5.30469,-1.66016,-3.97656
284,28.401,-0.450195,0.125793,0.868042,0.167358,-0.882324,0.117554,0.416077,0.185852,-5.83203,2.34766,5.46094,-5.76953,-2.57813,-4.70703
285,28.5,-0.365234,0.136475,0.916016,0.0946045,-0.85498,0.0593262,0.499573,0.125977,-10.3477,6.10156,5.42188,-8.37891,-1.89063,-6.62109
286,28.6,0.297607,-0.113159,-0.940857,0.115845,-0.838257,-0.00537109,0.541321,0.0651245,-11.043,3.03906,4.11719,-8.80078,-0.703125,-6.85156
287,28.701,0.247314,-0.0247192,-0.949036,0.193848,0.808228,0.107788,-0.578308,0.0270386,-7.47656,6.29297,8.82813,-9.94922,-3.46094,-1.87109
288,28.8,0.221863,-0.0426025,-0.956238,0.185913,0.784973,0.107239,-0.607117,0.060791,-3.68359,2.57813,9.02344,-9.28906,0.292969,-2.36719
289,28.901,0.207947,-0.0565796,-0.959229,0.182739,0.775024,0.114807,-0.616333,0.0789795,-3.64453,0.242188,9.29297,-9.90625,-0.855469,-1.91016
290,29.0,0.206848,-0.0524292,-0.959656,0.182983,0.774597,0.112793,-0.616943,0.081665,-4.02734,1.3125,8.98828,-9.56641,-0.0898438,-2.71484
291,29.1,0.210693,-0.0458374,-0.959167,0.182922,0.777466,0.117554,-0.611511,0.0883789,-4.29688,1.23828,8.94922,-9.56641,-0.316406,-3.09766
292,29.201,0.210022,-0.0449219,-0.959473,0.182434,0.773926,0.115662,-0.616211,0.0892334,-4.44922,1.54297,8.98438,-9.37109,0.101563,-2.44531
293,29.3,0.211243,-0.0464478,-0.95929,0.181458,0.761414,0.0994263,-0.635132,0.083374,-4.10547,1.3125,8.90625,-9.52344,0.101563,-1.64063
294,29.401,0.21405,-0.0420532,-0.959045,0.180847,0.756897,0.0983276,-0.640503,0.0848389,-4.25781,1.3125,8.98828,-9.52734,-0.164063,-1.94531
295,29.5,0.218933,-0.0401001,-0.958008,0.180725,0.755554,0.0996094,-0.641663,0.0864258,-4.33594,1.54297,8.91016,-9.44531,-0.28125,-2.21484
296,29.6,0.218994,-0.0388794,-0.957764,0.18219,0.748535,0.101807,-0.649048,0.0901489,-3.49219,1.92578,9.13281,-9.71094,-0.0507813,-1.29688
297,29.701,0.216614,-0.0402832,-0.958069,0.183167,0.736755,0.11499,-0.659485,0.0950317,-3.94922,1.58203,9.13281,-9.82813,0.523438,-0.988281
298,29.8,0.216919,-0.0386963,-0.957947,0.183716,0.733704,0.133179,-0.659668,0.0938721,-4.21875,1.23828,9.02734,-9.48438,-0.511719,-1.37109
299,29.901,0.216553,-0.0376587,-0.957825,0.184937,0.730469,0.143066,-0.661072,0.0945435,-4.21875,1.00781,9.02734,-9.60547,-0.546875,-1.37109
300,30.0,0.217346,-0.0350342,-0.957703,0.185364,0.71521,0.167786,-0.672791,0.0878296,-4.06641,0.777344,9.02344,-9.63281,-1.16016,-1.10547
301,30.1,0.218628,-0.0306396,-0.957642,0.184875,0.708435,0.175171,-0.678711,0.0822754,-4.21875,0.96875,9.13672,-10.3672,-1.8125,0.65625
302,30.201,0.232422,-0.0197144,-0.955688,0.179626,0.71167,0.172668,-0.680664,0.0199585,-5.13672,2.15625,11.4727,-12.2422,-1.27734,-1.5625
303,30.3,0.245056,0.0272827,-0.957458,0.149841,-0.721802,-0.227356,0.653687,6.10352e-05,-14.1836,-11.5938,4.69141,-10.3281,-1.77344,-3.48047
304,30.401,0.217346,0.170593,-0.930542,0.240295,0.721802,0.283447,-0.631348,0.00488281,-9.00781,-7.45703,6.41797,-9.37109,-3.65234,-4.97266
305,30.5,0.175232,0.329895,-0.861389,0.344299,-0.7099,-0.449463,0.541992,0.0144653,-4.98438,3.53516,8.29297,-6.80859,-4.37891,-3.71094
306,30.6,0.183289,0.374939,-0.824646,0.381897,-0.672729,-0.554749,0.488892,0.0259399,-4.64063,-7.45703,5.88281,-5.65234,-4.1875,-4.47656
307,30.701,0.189819,0.405945,-0.759583,0.471436,-0.613831,-0.657593,0.436829,0.00415039,-7.39844,0.96875,6.03516,-4.27344,-3.11328,-5.97266
308,30.8,0.191772,0.434265,-0.67395,0.566101,0.5849,0.698242,-0.412537,0.0126953,-7.28516,0.0507813,4.73047,-3.81641,-3.0,-6.08984
309,30.901,0.192261,0.431396,-0.605591,0.640442,0.534607,0.751831,-0.38147,0.0581665,-8.35547,1.66016,4.57813,-4.23828,-2.27344,-7.66016
310,31.0,0.190063,0.408936,-0.551331,0.701904,0.47345,0.793152,-0.348328,0.159424,-8.20313,0.546875,4.27344,-4.3125,-1.96484,-7.19922
311,31.1,0.194702,0.375549,-0.496948,0.75769,0.437561,0.802673,-0.324585,0.242737,-5.97656,0.929688,5.49609,-5.58203,-1.04688,-5.24219
312,31.201,0.216248,0.309448,-0.436218,0.816833,0.393799,0.793396,-0.292175,0.360596,-4.98438,-0.792969,8.17969,-7.375,-0.625,-3.78516
313,31.3,0.210571,0.203003,-0.372498,0.880737,0.375366,0.769775,-0.287903,0.428528,-5.10156,2.84766,10.5547,-9.18359,-0.511719,-3.25
314,31.401,0.212708,0.041626,-0.359375,0.907654,0.363281,0.668823,-0.311401,0.56897,-6.90234,7.44531,11.8203,-12.5859,0.292969,-3.55469
315,31.5,0.194641,-0.0836182,-0.326233,0.921265,0.344421,0.546936,-0.323853,0.690918,-10.8047,2.30859,5.38281,-7.64453,0.21875,-4.58984
316,31.6,0.18689,-0.0993652,-0.295959,0.931458,0.301331,0.54303,-0.292114,0.727356,18.3828,10.125,17.5664,-17.1836,1.71094,18.9336
317,31.701,0.0404663,0.102478,-0.226074,0.967834,0.270996,0.568176,-0.269775,0.728638,-3.03125,16.4453,9.82813,-8.06641,3.47266,-3.09766
318,31.8,0.111511,0.0838013,-0.27655,0.950806,0.289856,0.623047,-0.253479,0.680847,-1.15625,-4.625,8.36719,-9.60547,0.179688,-0.875
319,31.901,0.146729,0.12085,-0.287231,0.938782,0.273926,0.668152,-0.216309,0.657104,-6.90234,6.52344,8.21875,-9.48828,0.792969,-1.02734
320,32.0,0.119995,0.146851,-0.272888,0.943176,0.280518,0.686401,-0.207458,0.638062,-4.25781,2.92188,8.98828,-9.41016,0.292969,-1.91016
321,32.1,0.119019,0.155823,-0.268738,0.943054,0.284363,0.701172,-0.200134,0.622437,-5.44531,4.99219,8.48828,-9.48438,1.28906,-1.60156
322,32.201,0.129456,0.169006,-0.268921,0.939331,0.283752,0.712463,-0.194458,0.611633,-4.06641,2.61719,8.98828,-9.75,0.449219,-2.71484
323,32.3,0.132446,0.179443,-0.268494,0.937073,0.286499,0.736511,-0.18634,0.58374,-4.25781,2.00391,8.52734,-9.06641,1.51953,-3.48047
324,32.401,0.138306,0.192871,-0.268921,0.933472,0.304382,0.77356,-0.179138,0.526123,-5.17578,0.203125,8.64063,-9.52344,0.871094,-3.9375
325,32.5,0.14032,0.228027,-0.267456,0.925598,0.319092,0.801514,-0.179199,0.4729,-3.83594,0.164063,9.17188,-11.8633,0.523438,-4.01563
326,32.6,0.1651,0.328125,-0.252014,0.895325,0.325439,0.816895,-0.186523,0.438171,-10.2734,-0.792969,8.79297,-11.207,0.792969,-6.42969
327,32.701,0.249695,0.51239,-0.238831,0.786194,0.371216,0.857727,-0.20697,0.289307,-9.23828,1.42969,6.37891,-8.44531,0.292969,-5.05078
328,32.8,0.353516,0.5625,-0.364563,0.652466,0.430054,0.848877,-0.237671,0.194702,-1.88281,8.28516,5.30469,-5.76563,-1.46875,-2.36719
329,32.901,0.301941,0.490112,-0.449951,0.682739,0.478088,0.801697,-0.271423,0.234558,-2.64844,-8.64453,6.49219,-6.45313,-2.96094,-2.44531
330,33.0,0.255005,0.333557,-0.513855,0.748108,0.5,0.709595,-0.342712,0.35907,-6.51953,-1.02344,8.37109,-8.06641,-2.73047,-3.97656
331,33.1,0.189636,0.137085,-0.57019,0.787476,0.499207,0.641541,-0.389465,0.433044,-7.62891,-0.410156,10.7461,-11.8242,-3.15234,-5.08984
332,33.201,0.138,-0.0637817,-0.587097,0.795105,0.461121,0.493103,-0.469971,0.568604,-16.0977,-1.55859,-1.08984,-6.07422,-1.62109,-11.4883
333,33.3,0.0870361,-0.0907593,-0.543335,0.830017,0.395081,0.492554,-0.464966,0.620544,10.875,5.375,18.5664,-15.3047,-5.56641,5.02344
334,33.401,0.0993042,0.057373,-0.528931,0.840881,0.407104,0.544312,-0.438171,0.588257,4.36328,16.4102,7.67969,-8.60156,4.08594,-2.98047
335,33.5,0.1698,0.041687,-0.54895,0.817383,0.407043,0.586853,-0.406128,0.570068,-3.79688,-15.9648,7.56641,-9.86719,-2.34766,-1.06641
336,33.6,0.15802,0.0886841,-0.542725,0.820129,0.413879,0.60144,-0.394287,0.558167,-4.10547,2.04297,9.40625,-9.79297,-0.625,-1.83203
337,33.701,0.127136,0.124878,-0.532959,0.827148,0.421814,0.632263,-0.359131,0.541565,-6.48047,6.83203,8.52734,-9.52734,0.792969,-2.0625
338,33.8,0.144348,0.134521,-0.53418,0.822021,0.429077,0.644348,-0.340698,0.533569,-5.21484,1.69922,8.90625,-9.67188,0.679688,-2.02344
339,33.901,0.158875,0.140991,-0.536804,0.816528,0.441895,0.656189,-0.328125,0.516235,-3.875,1.96484,9.05469,-9.36719,0.601563,-3.13281
340,34.0,0.16333,0.141663,-0.538147,0.814636,0.457153,0.668884,-0.317383,0.492798,-4.25781,-0.0273438,8.87109,-9.36719,0.410156,-3.25
341,34.1,0.163147,0.144165,-0.539368,0.813416,0.464722,0.676819,-0.311462,0.478455,-4.60156,1.23828,8.94531,-9.14063,0.832031,-3.05859
342,34.201,0.158264,0.150452,-0.542664,0.811096,0.485413,0.727722,-0.285583,0.391479,-0.773438,1.73438,10.7813,-12.8945,-0.929688,-4.97266
343,34.3,0.218933,0.230835,-0.550781,0.771606,0.519226,0.740662,-0.291565,0.311157,-8.8125,-4.01172,5.0,-4.58203,-1.66016,-8.53125
344,34.401,0.252747,0.339355,-0.540649,0.727112,0.542358,0.723633,-0.319031,0.283691,-9.85547,1.46875,5.03906,-5.92188,0.601563,-7.84375
345,34.5,0.262512,0.389771,-0.5625,0.680237,0.553223,0.713196,-0.330627,0.275635,-9.42969,-0.753906,4.11719,-6.61328,-0.203125,-6.69531
346,34.6,0.256042,0.39325,-0.655884,0.591248,0.654419,0.578918,-0.447815,0.189697,-8.93359,-1.75,5.72656,-7.87891,-1.3125,-4.93359
347,34.701,0.281067,0.289001,-0.820007,0.406311,0.751038,0.34436,-0.561523,0.0453491,-5.02344,-13.3242,5.91797,-9.21094,-3.87891,-0.914063
348,34.8,0.25293,0.176086,-0.948242,0.076355,-0.760376,-0.0321045,0.626099,0.169678,-0.351563,11.043,8.86719,-9.36719,-1.23828,2.15234
349,34.901,-0.198853,-0.0286255,0.955688,0.215271,-0.730225,0.083313,0.638245,0.229004,-6.44141,0.433594,7.79688,-9.02344,-2.11719,-1.02734
350,35.0,-0.164917,0.000793457,0.940002,0.298706,-0.679199,0.180664,0.656616,0.27356,5.35938,-4.20313,10.3984,-12.7422,2.51563,3.60938
351,35.1,-0.112549,0.153198,0.918274,0.347229,-0.682495,0.180298,0.661499,0.253174,1.56641,-7.49609,9.21484,-8.25781,-2.04297,-0.492188
352,35.201,-0.164429,0.0681152,0.938477,0.295898,-0.707642,0.182861,0.646667,0.218323,-4.17969,11.6992,8.98438,-10.3711,-0.28125,-1.21875
353,35.3,-0.164917,0.0588379,0.942139,0.285767,-0.715576,0.209534,0.631653,0.212219,-4.44922,5.33594,9.59375,-9.75391,-0.0898438,-1.44922
354,35.401,-0.162354,0.0823975,0.939575,0.289978,-0.714172,0.227234,0.624817,0.218994,-4.71875,3.76563,9.09766,-9.28906,0.679688,-1.33594
355,35.5,-0.156738,0.115295,0.937256,0.289246,-0.700623,0.284851,0.60437,0.250427,-4.21875,2.38672,8.91016,-9.5625,0.871094,-1.48828
356,35.6,-0.162842,0.122437,0.934998,0.290344,-0.700562,0.305542,0.589722,0.260803,-4.29688,1.04688,9.02734,-9.60156,-0.0507813,-2.33203
357,35.701,-0.166077,0.129761,0.932983,0.291687,-0.700562,0.326538,0.573547,0.27124,-3.875,1.58203,8.64453,-9.02734,0.714844,-2.29297
358,35.8,-0.16687,0.130493,0.932739,0.291748,-0.702881,0.334534,0.565186,0.273132,-4.60156,0.855469,8.78906,-9.37109,-0.125,-2.63672
359,35.901,-0.172119,0.130432,0.931335,0.293213,-0.710938,0.34491,0.549866,0.270508,-4.79297,0.703125,8.71484,-9.36719,0.5625,-2.67578
360,36.0,-0.176697,0.133423,0.929443,0.295166,-0.732056,0.362183,0.515137,0.26001,-4.71875,1.54297,8.5625,-8.98438,1.36719,-3.48047
361,36.1,-0.198303,0.130676,0.924194,0.299133,-0.751587,0.375061,0.484375,0.244629,-4.21875,1.23828,8.87109,-9.29297,0.523438,-4.12891
362,36.201,-0.231995,0.137146,0.917419,0.292725,-0.773254,0.389587,0.446594,0.225342,-1.80469,0.96875,10.8594,-9.37109,0.179688,-4.24609
363,36.3,-0.374573,0.205017,0.869507,0.248291,-0.788757,0.397827,0.41272,0.221802,-6.55469,-2.82422,9.85938,-10.6328,-0.816406,-8.03906
364,36.401,-0.438354,0.33252,0.791199,0.266968,-0.830872,0.447815,0.249634,0.216431,-13.1055,20.8125,13.3906,-9.25,-2.5,-0.183594
365,36.5,-0.457397,0.355896,0.700745,0.416077,-0.807556,0.490662,0.169189,0.280273,-3.56641,7.71094,6.76172,-6.23047,-0.777344,-2.78906
366,36.6,-0.398743,0.286865,0.686951,0.535583,-0.78363,0.462646,0.257446,0.324951,-6.74609,0.28125,8.17969,-8.48828,-1.04688,-5.69922
367,36.701,-0.289734,0.196716,0.779968,0.518677,-0.764343,0.430054,0.326843,0.352112,-9.23828,12.0391,6.26563,-9.60547,1.48047,-7.80859
368,36.8,-0.140991,0.15448,0.882324,0.421631,-0.683472,0.234863,0.607788,0.329041,-16.8203,-1.98047,3.89063,-8.14453,1.86719,-13.8242
369,36.901,-0.0787964,0.117188,0.964294,0.223938,-0.647522,0.186951,0.674316,0.301819,-5.29297,-9.18359,28.1719,-18.2227,-3.61328,8.32031
370,37.0,-0.122864,-0.0487671,0.97168,0.196045,-0.689697,0.197388,0.639771,0.275696,-12.6094,16.2148,3.77344,-9.87109,1.75,-3.28906
371,37.1,-0.15094,0.100159,0.954468,0.237061,-0.714417,0.197205,0.623901,0.247925,-7.97266,-1.28906,7.56641,-9.5625,-0.894531,-1.5625
372,37.201,-0.177368,0.110229,0.968384,0.136475,-0.719177,0.20282,0.619263,0.241272,-5.78906,-3.89453,8.32813,-9.82813,-0.816406,-1.48828
373,37.3,-0.194519,0.100952,0.966858,0.130859,-0.732605,0.211853,0.603088,0.233948,-4.75391,1.19922,8.60547,-9.25391,-0.125,-2.71484
374,37.401,-0.205505,0.100037,0.96283,0.143799,-0.762878,0.215637,0.568542,0.219788,-4.21875,2.15625,8.82813,-9.0625,0.0664063,-3.01953
375,37.5,-0.206604,0.101257,0.958313,0.169495,-0.778687,0.218201,0.549316,0.210449,-4.75391,0.203125,8.64453,-9.14063,0.0273438,-3.36328
376,37.6,-0.205688,0.100708,0.955688,0.184998,-0.786011,0.219238,0.540405,0.205078,-4.5625,0.855469,8.75,-9.21484,-0.777344,-3.44141
377,37.701,-0.215149,0.108398,0.9505,0.196167,-0.803833,0.222473,0.515015,0.197632,-4.48828,1.39063,8.90625,-9.33203,-0.164063,-4.05469
378,37.8,-0.231567,0.113831,0.944946,0.201233,-0.841248,0.220337,0.448669,0.205994,-3.64453,2.57813,9.32813,-10.9023,-1.12109,-3.90234
379,37.901,-0.327576,0.134399,0.910461,0.213623,-0.870972,0.213806,0.379639,0.227173,-7.44141,2.96094,6.49219,-8.68359,-1.50391,-5.05078
380,38.0,-0.501526,0.125732,0.83136,0.203674,-0.892639,0.216858,0.317322,0.235535,-10.3828,1.19922,6.07422,-9.0625,-0.28125,-6.27734
381,38.1,-0.611328,0.143738,0.730957,0.26709,-0.898987,0.233276,0.275696,0.247803,-17.5469,8.82422,3.54297,-6.99219,-2.38672,-4.97266
382,38.201,-0.655273,0.206116,0.680969,0.253784,-0.913086,0.255676,0.220154,0.229065,-6.98047,-0.984375,4.04297,-5.11719,-2.53906,-3.90234
383,38.3,-0.579285,0.191406,0.765198,0.205566,-0.907776,0.257568,0.245972,0.221619,-4.14453,-6.19531,2.85547,-5.19922,-3.15234,-3.9375
384,38.401,-0.413818,0.182678,0.837646,0.306091,-0.838013,0.265747,0.395813,0.26532,-6.55469,2.42578,4.84766,-5.84766,-3.07813,-5.16406
385,38.5,-0.345581,0.146057,0.882446,0.283752,-0.803345,0.246948,0.472351,0.265625,-8.16406,0.585938,7.14453,-9.18359,-2.80859,-5.47266
386,38.6,-0.21814,0.116211,0.943848,0.219299,-0.721924,0.169739,0.625122,0.243469,-9.5,-0.945313,5.99609,-10.8633,-0.203125,-6.92578
387,38.701,-0.115234,0.0841064,0.984497,0.101807,-0.654724,0.085022,0.721741,0.207886,6.42969,-6.57813,6.61328,-9.71094,-2.00391,-4.09375
388,38.806,-0.118896,0.0628662,0.985291,0.105347,-0.684387,0.0966797,0.698425,0.185669,-13.9453,5.98828,6.10938,-9.98438,-1.23828,-1.10547
389,38.901,-0.168945,0.0962524,0.975281,0.104797,-0.693054,0.112976,0.691895,0.167908,-1.0,1.89063,9.37109,-9.63281,-0.0117188,-0.875
390,39.0,-0.161194,0.101746,0.976685,0.0988159,-0.695557,0.115662,0.692322,0.153259,-2.91797,3.34375,8.71484,-9.71094,1.02344,0.503906
391,39.1,-0.182373,0.100159,0.972595,0.103516,-0.712708,0.114929,0.681519,0.120239,-5.48438,1.69922,9.09766,-9.75,-0.394531,-1.17969
392,39.201,-0.198181,0.102661,0.968994,0.106201,-0.727417,0.109253,0.66864,0.108582,-5.40625,1.62109,8.67578,-9.63672,-0.316406,-1.64063
393,39.3,-0.2005,0.103394,0.968262,0.107666,-0.732422,0.111328,0.663086,0.107056,-4.64063,2.19531,8.75,-9.41016,0.101563,-1.41016
394,39.401,-0.201233,0.101685,0.968262,0.10791,-0.734253,0.112,0.661133,0.10614,-4.25781,2.30859,8.78906,-9.79297,0.640625,-1.17969
395,39.5,-0.205872,0.0985107,0.967773,0.106689,-0.738281,0.102905,0.65979,0.0947876,-4.37109,1.50781,8.83203,-9.52734,-0.164063,-1.87109
396,39.6,-0.211121,0.097168,0.96698,0.104919,-0.73822,0.0869751,0.664856,0.0734863,-4.64063,1.12109,8.71094,-9.36719,-0.0117188,-1.52734
397,39.701,-0.209961,0.0973511,0.967407,0.102722,-0.734497,0.0817871,0.670898,0.0614624,-4.52734,1.12109,8.75391,-9.48828,0.410156,-1.25781
398,39.8,-0.207275,0.0982056,0.968079,0.101013,-0.730408,0.0839233,0.67511,0.0603027,-4.48828,1.58203,8.75391,-9.67578,1.02344,-0.835938
399,39.901,-0.206543,0.098938,0.96814,0.101196,-0.728699,0.0862427,0.676453,0.0629883,-4.41016,1.42969,8.98438,-9.60156,0.792969,-0.835938
400,40.008,-0.2005,0.0992432,0.969238,0.102417,-0.726196,0.0982666,0.675293,0.0835571,-3.83594,1.3125,8.91016,-9.98438,-0.0117188,-0.914063
401,40.1,-0.199158,0.0997314,0.96936,0.103699,-0.726685,0.106506,0.671875,0.0957642,-4.33594,0.777344,8.79297,-9.71094,0.0664063,-0.835938
402,40.201,-0.20929,0.0994263,0.967041,0.105408,-0.730042,0.107361,0.665588,0.111816,-3.91406,0.96875,8.91016,-9.60156,-0.0898438,-1.29688
403,40.3,-0.213928,0.0995483,0.96582,0.107117,-0.730286,0.106079,0.664978,0.115356,-3.98828,1.35156,8.91016,-9.48438,-0.28125,-0.949219
404,40.401,-0.218445,0.0997314,0.964661,0.108337,-0.731689,0.104553,0.662415,0.12207,-4.25781,1.39063,8.82813,-9.5625,-0.511719,-1.10547
405,40.5,-0.218567,0.100037,0.964539,0.108826,-0.730286,0.102966,0.662903,0.129028,-4.44922,1.3125,8.82813,-9.52734,-0.511719,-1.06641
406,40.6,-0.21582,0.101013,0.965027,0.109131,-0.728516,0.103882,0.664124,0.131775,-4.33594,1.23828,8.83203,-9.48438,-0.511719,-0.988281
407,40.701,-0.213684,0.101501,0.965515,0.108948,-0.731445,0.106201,0.66095,0.129883,-4.25781,1.19922,8.86719,-9.63672,-0.28125,-0.757813
408,40.8,-0.213135,0.101624,0.965637,0.108704,-0.731079,0.105408,0.66156,0.129333,-4.17969,1.23828,8.90625,-9.63672,-0.511719,-0.796875
409,40.901,-0.212769,0.102295,0.965637,0.108826,-0.730408,0.10498,0.662354,0.129456,-4.10547,1.35156,8.90625,-9.67578,-0.472656,-0.835938
410,41.0,-0.212708,0.101929,0.965698,0.108704,-0.730713,0.104309,0.662292,0.128723,-4.17969,1.42969,8.87109,-9.63672,-0.546875,-0.796875
411,41.1,-0.212463,0.101868,0.965759,0.108704,-0.730591,0.104126,0.662415,0.128601,-4.14453,1.35156,8.91016,-9.67188,-0.472656,-0.796875
412,41.201,-0.211731,0.101868,0.965881,0.108826,-0.730225,0.104492,0.662781,0.128784,-4.10547,1.39063,8.91016,-9.63672,-0.472656,-0.796875
413,41.3,-0.211487,0.10199,0.965881,0.10907,-0.729614,0.104675,0.663391,0.128845,-4.14453,1.42969,8.90625,-9.63281,-0.546875,-0.835938
414,41.401,-0.210876,0.102051,0.966003,0.109192,-0.728699,0.105164,0.664307,0.129028,-4.14453,1.54297,8.87109,-9.63672,-0.472656,-0.722656
415,41.5,-0.210876,0.101501,0.966125,0.109009,-0.728699,0.104858,0.664368,0.128845,-4.14453,1.39063,8.90625,-9.60156,-0.433594,-0.757813
416,41.6,-0.210815,0.101074,0.966187,0.108887,-0.729492,0.104187,0.663696,0.128479,-4.17969,1.42969,8.87109,-9.63672,-0.511719,-0.796875
417,41.701,-0.210449,0.100403,0.966309,0.108826,-0.729675,0.104004,0.663513,0.128601,-4.14453,1.35156,8.91016,-9.60547,-0.511719,-0.875
418,41.8,-0.210083,0.0999146,0.966431,0.108704,-0.72937,0.10376,0.663757,0.129028,-4.17969,1.39063,8.87109,-9.60156,-0.472656,-0.796875
419,41.901,-0.209534,0.0990601,0.966675,0.108521,-0.729919,0.103027,0.663269,0.128967,-4.14453,1.35156,8.87109,-9.67578,-0.546875,-0.835938
420,42.0,-0.208557,0.0991821,0.966858,0.108521,-0.729553,0.10321,0.663574,0.129272,-4.14453,1.39063,8.90625,-9.63281,-0.511719,-0.757813
421,42.1,-0.207642,0.098877,0.967102,0.108398,-0.729492,0.103271,0.663696,0.129395,-4.14453,1.42969,8.90625,-9.63281,-0.511719,-0.757813
422,42.201,-0.207214,0.0986938,0.967224,0.108398,-0.729492,0.103394,0.663574,0.1297,-4.14453,1.46875,8.87109,-9.63281,-0.546875,-0.835938
423,42.3,-0.206787,0.0985107,0.967346,0.108398,-0.72937,0.10321,0.663757,0.129761,-4.14453,1.46875,8.91016,-9.63281,-0.472656,-0.757813
424,42.401,-0.206116,0.0985718,0.967468,0.108398,-0.728943,0.103638,0.664124,0.130005,-4.14453,1.46875,8.91016,-9.63281,-0.511719,-0.757813
425,42.5,-0.205811,0.0984497,0.96759,0.108398,-0.728638,0.103577,0.664368,0.130005,-4.14453,1.46875,8.91016,-9.63672,-0.472656,-0.796875
426,42.6,-0.205688,0.0983887,0.96759,0.108337,-0.728577,0.103577,0.66449,0.130005,-4.17969,1.46875,8.90625,-9.60156,-0.472656,-0.722656
427,42.701,-0.205933,0.0982056,0.96759,0.108276,-0.728821,0.103516,0.664307,0.129761,-4.17969,1.46875,8.90625,-9.63281,-0.472656,-0.757813
428,42.8,-0.206238,0.0981445,0.967529,0.108276,-0.729248,0.103577,0.663879,0.129272,-4.14453,1.42969,8.90625,-9.60156,-0.511719,-0.796875
429,42.901,-0.206177,0.0982666,0.967529,0.108276,-0.729309,0.103882,0.663818,0.12915,-4.14453,1.46875,8.91016,-9.60156,-0.472656,-0.796875
430,43.0,-0.206177,0.0982666,0.967529,0.108215,-0.729248,0.103943,0.663818,0.12915,-4.14453,1.46875,8.91016,-9.63672,-0.433594,-0.757813
431,43.1,-0.206177,0.0982056,0.967529,0.108337,-0.72937,0.104126,0.663635,0.129395,-4.14453,1.42969,8.86719,-9.60156,-0.472656,-0.796875
432,43.201,-0.206665,0.0978394,0.967468,0.108337,-0.729553,0.10376,0.663452,0.1297,-4.14453,1.50781,8.87109,-9.63672,-0.433594,-0.757813
433,43.3,-0.205994,0.0979614,0.96759,0.108459,-0.729065,0.104309,0.663696,0.130798,-4.21875,1.50781,8.91016,-9.60547,-0.472656,-0.835938
434,43.401,-0.206299,0.0974731,0.96759,0.108398,-0.72937,0.104065,0.663208,0.13147,-4.14453,1.35156,8.87109,-9.63281,-0.546875,-0.835938
435,43.5,-0.206238,0.0974121,0.96759,0.108459,-0.729431,0.104004,0.663208,0.131714,-4.14453,1.35156,8.87109,-9.63281,-0.511719,-0.757813
436,43.6,-0.206482,0.0974121,0.967529,0.108459,-0.729431,0.103699,0.663147,0.131836,-4.14453,1.39063,8.90625,-9.60547,-0.585938,-0.796875
437,43.701,-0.207458,0.097168,0.967346,0.108459,-0.730164,0.103149,0.662476,0.131653,-4.21875,1.42969,8.90625,-9.60156,-0.546875,-0.796875
438,43.8,-0.20697,0.09729,0.967468,0.108398,-0.729797,0.103455,0.662842,0.13147,-4.17969,1.35156,8.90625,-9.60547,-0.511719,-0.757813
439,43.901,-0.207092,0.0975952,0.967407,0.108459,-0.729919,0.103455,0.662781,0.131165,-4.25781,1.3125,8.87109,-9.60547,-0.511719,-0.835938
440,44.0,-0.206604,0.0973511,0.967529,0.108276,-0.730225,0.103455,0.662598,0.130493,-4.17969,1.39063,8.91016,-9.60547,-0.511719,-0.875
441,44.1,-0.205994,0.0975952,0.967651,0.108154,-0.729736,0.103943,0.663208,0.130005,-4.14453,1.39063,8.90625,-9.67578,-0.546875,-0.875
442,44.201,-0.205444,0.0979004,0.967773,0.108032,-0.729187,0.104431,0.663879,0.128967,-4.17969,1.42969,8.91016,-9.63672,-0.511719,-0.796875
443,44.3,-0.204102,0.0980835,0.968018,0.107971,-0.728271,0.104736,0.664978,0.128235,-4.14453,1.46875,8.87109,-9.63281,-0.433594,-0.796875
444,44.401,-0.202515,0.0983887,0.968323,0.107849,-0.727661,0.104797,0.66571,0.12793,-4.10547,1.42969,8.94531,-9.63281,-0.511719,-0.757813
445,44.5,-0.201721,0.0986328,0.968445,0.107849,-0.726379,0.105408,0.667053,0.127625,-4.29688,1.3125,8.90625,-9.63281,-0.433594,-0.722656
446,44.6,-0.201904,0.0983887,0.968506,0.107727,-0.724548,0.106628,0.668701,0.128479,-4.21875,1.39063,8.90625,-9.63281,-0.394531,-0.605469
447,44.701,-0.20105,0.0982056,0.968689,0.107544,-0.722107,0.106812,0.671204,0.128845,-3.98828,1.50781,8.94531,-9.63672,-0.433594,-0.644531
448,44.8,-0.201233,0.0982056,0.968689,0.107483,-0.721252,0.1073,0.671997,0.129395,-4.06641,1.54297,8.90625,-9.52734,-0.394531,-0.492188
449,44.901,-0.201294,0.0980835,0.968689,0.107361,-0.719299,0.108032,0.673767,0.130249,-4.14453,1.42969,8.90625,-9.71484,-0.433594,-0.53125
450,45.0,-0.200806,0.0981445,0.968811,0.107239,-0.717346,0.108887,0.675598,0.130981,-3.98828,1.50781,8.98828,-9.63281,-0.316406,-0.300781
451,45.1,-0.200684,0.0984497,0.96875,0.107422,-0.715088,0.109253,0.677856,0.131165,-4.17969,1.39063,8.91016,-9.67578,-0.355469,-0.375
452,45.201,-0.201233,0.0983887,0.968628,0.107483,-0.715576,0.108154,0.677734,0.130066,-4.14453,1.46875,8.94531,-9.67188,-0.394531,-0.414063
453,45.3,-0.202698,0.0981445,0.968384,0.1073,-0.716003,0.1073,0.677551,0.129211,-4.10547,1.42969,8.94531,-9.67188,-0.394531,-0.414063
454,45.401,-0.203064,0.0981445,0.968323,0.107239,-0.71637,0.10675,0.677368,0.128784,-4.14453,1.39063,8.94922,-9.67188,-0.394531,-0.414063
455,45.5,-0.204407,0.0979004,0.968079,0.107117,-0.717407,0.106018,0.676575,0.127869,-4.14453,1.42969,8.90625,-9.63672,-0.433594,-0.492188
456,45.6,-0.204834,0.0975342,0.968018,0.106934,-0.717896,0.10553,0.676208,0.127197,-4.10547,1.42969,8.91016,-9.67578,-0.355469,-0.453125
457,45.701,-0.204956,0.0974731,0.968018,0.106873,-0.718018,0.105286,0.676208,0.12677,-4.14453,1.39063,8.90625,-9.63672,-0.433594,-0.53125
458,45.8,-0.204651,0.0977783,0.968079,0.106934,-0.717712,0.105347,0.676575,0.126709,-4.10547,1.54297,8.90625,-9.67578,-0.355469,-0.414063
459,45.901,-0.204285,0.0980225,0.968079,0.106995,-0.717468,0.105347,0.67688,0.126648,-4.10547,1.35156,8.90625,-9.71484,-0.394531,-0.492188
460,46.0,-0.203857,0.0978394,0.968201,0.106934,-0.717041,0.104858,0.677307,0.127075,-4.14453,1.54297,8.91016,-9.67578,-0.316406,-0.492188
461,46.1,-0.203613,0.0974731,0.968323,0.106812,-0.716492,0.10376,0.677979,0.127197,-4.10547,1.46875,8.90625,-9.67188,-0.394531,-0.414063
462,46.201,-0.204285,0.0970459,0.968201,0.106689,-0.716553,0.100098,0.678711,0.125916,-4.17969,1.39063,8.91016,-9.67578,-0.472656,-0.414063
463,46.3,-0.204346,0.0961914,0.968323,0.106628,-0.716675,0.0983276,0.678894,0.125732,-4.25781,1.42969,8.90625,-9.60156,-0.394531,-0.492188
464,46.401,-0.201355,0.0960693,0.968933,0.106995,-0.711914,0.0963745,0.683228,0.130798,-4.21875,1.3125,8.71484,-9.02734,-0.472656,-0.339844
465,46.5,-0.2005,0.0946045,0.969238,0.106995,-0.713684,0.0944824,0.680542,0.136536,-3.94922,0.929688,8.98828,-10.2109,-0.355469,0.351563
466,46.6,-0.200989,0.0944214,0.968994,0.108276,-0.711304,0.0950317,0.680237,0.149292,-3.75781,0.546875,8.86719,-9.37109,-0.664063,-0.875
467,46.701,-0.196472,0.0914307,0.970154,0.108582,-0.702454,0.0916748,0.687866,0.158203,-3.83594,1.35156,9.13672,-9.87109,-1.62109,0.238281
468,46.8,-0.193726,0.0882568,0.97113,0.107605,-0.697449,0.0924683,0.691833,0.162659,-3.72266,0.203125,9.05859,-9.86719,-0.894531,0.773438
469,46.901,-0.196045,0.0906982,0.970276,0.109253,-0.684875,0.0909424,0.701599,0.1745,-3.72266,1.16016,8.98438,-9.48828,-0.738281,0.886719
470,47.0,-0.19635,0.0889282,0.970215,0.110291,-0.683838,0.0849609,0.702637,0.177429,-4.21875,1.19922,9.02344,-9.29297,-1.66016,0.621094
471,47.1,-0.199646,0.088562,0.969604,0.110474,-0.684937,0.0842896,0.701477,0.178101,-4.60156,1.89063,8.98438,-9.25391,-1.08594,0.238281
472,47.201,-0.200317,0.0862427,0.969727,0.110046,-0.691162,0.0823364,0.69574,0.177307,-3.49219,1.62109,9.09766,-9.52734,-0.894531,0.464844
473,47.3,-0.203674,0.0859985,0.968933,0.110657,-0.710815,0.0751343,0.678406,0.1698,-4.91016,1.04688,8.86719,-9.75391,-1.54297,-0.492188
474,47.401,-0.202759,0.0842896,0.96936,0.110352,-0.718445,0.0699463,0.671936,0.165833,-3.75781,1.39063,9.02344,-9.44531,-1.35156,-0.53125
475,47.5,-0.201111,0.0820923,0.96991,0.109741,-0.722778,0.0682983,0.668335,0.162109,-4.17969,1.42969,8.94531,-9.56641,-1.39063,-1.02734
476,47.606,-0.203491,0.0841675,0.969177,0.110535,-0.727234,0.0703125,0.664001,0.158875,-3.875,0.96875,9.02734,-9.44922,-1.27734,-0.566406
477,47.701,-0.201965,0.0834961,0.969543,0.110229,-0.728638,0.0698242,0.662903,0.157227,-3.75781,1.04688,9.02344,-9.41016,-1.46875,-0.914063
478,47.8,-0.201599,0.083313,0.969727,0.109741,-0.733459,0.0748901,0.657471,0.155396,-4.02734,1.19922,8.98438,-9.48828,-1.00781,-0.875
479,47.901,-0.201172,0.0826416,0.96991,0.109314,-0.73645,0.0780029,0.653748,0.155273,-3.91406,1.3125,8.98828,-9.71484,-1.16016,-1.02734
480,48.0,-0.201233,0.0819702,0.969971,0.109314,-0.739441,0.0759888,0.650818,0.154724,-4.25781,0.929688,8.90625,-9.41016,-0.96875,-0.835938
481,48.1,-0.200806,0.0808716,0.970093,0.109802,-0.741211,0.072998,0.649292,0.154053,-3.94922,1.23828,9.05859,-9.40625,-1.50391,-1.17969
482,48.201,-0.19873,0.0792236,0.970703,0.10968,-0.743103,0.0733032,0.646667,0.155579,-4.02734,0.96875,9.05469,-9.67188,-1.62109,-0.875
483,48.3,-0.197388,0.0793457,0.970947,0.109802,-0.744019,0.0736084,0.645752,0.155151,-4.10547,0.816406,9.02734,-9.48438,-1.27734,-1.17969
484,48.401,-0.198853,0.0799561,0.97052,0.110168,-0.746277,0.0709229,0.643799,0.153564,-4.21875,0.855469,9.02344,-9.40625,-1.46875,-1.10547
485,48.5,-0.199402,0.0796509,0.970459,0.109924,-0.746582,0.0706787,0.643494,0.153259,-4.10547,1.16016,9.02344,-9.52734,-1.3125,-1.25781
486,48.6,-0.201904,0.081604,0.96991,0.108765,-0.746704,0.0699463,0.643555,0.153137,-4.41016,1.54297,8.79297,-9.48438,-1.42969,-1.25781
487,48.701,-0.206421,0.0702515,0.970215,0.105347,-0.748047,0.0678711,0.642395,0.152161,-5.21484,1.8125,8.75391,-9.52344,-1.50391,-1.29688
488,48.8,-0.210388,0.0328979,0.97229,0.0963135,-0.748596,0.0671387,0.641907,0.151855,-5.17578,1.69922,9.17188,-9.41016,-1.54297,-1.25781
489,48.901,-0.213684,0.0148926,0.971985,0.0968628,-0.748962,0.067627,0.641479,0.151672,-4.06641,-0.449219,9.13672,-9.52734,-1.35156,-1.25781
490,49.0,-0.207275,0.0535278,0.97113,0.105164,-0.748962,0.067688,0.641479,0.151611,-3.98828,1.12109,9.09766,-9.41016,-1.39063,-1.29688
491,49.1,-0.196594,0.0812988,0.969788,0.119202,-0.749573,0.0678101,0.640869,0.151123,-3.83594,0.816406,8.98438,-9.40625,-1.35156,-1.29688
492,49.201,-0.198792,0.0799561,0.968933,0.123291,-0.750061,0.0679321,0.640442,0.150513,-0.925781,1.23828,9.36719,-9.48438,-1.50391,-1.29688
493,49.3,-0.176514,0.0890503,0.972717,0.121521,-0.749939,0.0691528,0.640564,0.149841,-4.02734,1.77344,9.17578,-9.48438,-1.39063,-1.21875
494,49.401,-0.179321,0.0831909,0.973145,0.117859,-0.750183,0.0708008,0.640259,0.149231,-3.64453,0.164063,9.33203,-9.52344,-1.35156,-1.29688
495,49.5,-0.180969,0.088562,0.971924,0.121521,-0.750427,0.0712891,0.640015,0.148987,-4.06641,1.96484,8.94922,-9.48828,-1.27734,-1.37109
496,49.6,-0.179565,0.0842285,0.97229,0.123596,-0.750427,0.0722046,0.639954,0.148621,-3.72266,0.894531,9.25,-9.48828,-1.19922,-1.17969
497,49.701,-0.182312,0.0869751,0.971375,0.125122,-0.750244,0.0748901,0.639832,0.14856,-4.06641,1.16016,9.05859,-9.40625,-1.23828,-1.29688
498,49.8,-0.183472,0.0923462,0.970459,0.126343,-0.749817,0.0759277,0.640198,0.148804,-3.75781,1.3125,9.17188,-9.48828,-1.23828,-1.25781
