0,0.348877,-0.0612793,-0.0756836,0.357727,0.928711,-0.610596,-0.291321,-0.706604,0.207275,1.01563,-1.61719,9.67969,9.00391,1.48828,0.804688
1,0.540039,-0.0599365,-0.0706177,0.357788,0.929199,-0.614441,-0.291138,-0.703796,0.20575,0.863281,-1.53906,9.64453,9.12109,1.41406,0.691406
2,0.595947,-0.0621338,-0.0697021,0.356628,0.929565,-0.615234,-0.291382,-0.703125,0.205383,0.746094,-1.61719,9.48828,9.03906,1.45313,0.535156
3,0.659912,-0.0603027,-0.0686646,0.357666,0.929382,-0.615723,-0.290955,-0.702454,0.206726,0.902344,-1.73047,9.56641,9.03906,1.48828,0.726563
4,0.743896,-0.0620117,-0.0704346,0.356323,0.929626,-0.615112,-0.292053,-0.70343,0.203857,0.863281,-1.65234,9.45313,9.03906,1.45313,0.652344
5,0.800049,-0.0629883,-0.0704346,0.357178,0.92926,-0.613708,-0.291687,-0.704163,0.205872,0.785156,-1.57813,9.5625,9.07813,1.45313,0.613281
6,0.845947,-0.0602417,-0.0715332,0.357361,0.92926,-0.614319,-0.290344,-0.703979,0.206848,0.902344,-1.53906,9.60156,9.11719,1.375,0.726563
7,0.916016,-0.0587769,-0.0692749,0.357117,0.929626,-0.615479,-0.288818,-0.703064,0.208496,0.902344,-1.53906,9.60156,9.23828,1.33594,0.691406
8,0.968018,-0.0550537,-0.0689697,0.357727,0.929626,-0.615051,-0.286621,-0.703491,0.211304,0.824219,-1.46094,9.72266,9.07813,1.29688,0.691406
9,1.03394,-0.0529785,-0.0707397,0.357239,0.92981,-0.614319,-0.285706,-0.704468,0.211487,0.976563,-1.5,9.68359,9.16016,1.33594,0.765625
10,1.09204,-0.053772,-0.0710449,0.35675,0.929932,-0.614136,-0.28595,-0.704895,0.210327,0.902344,-1.46094,9.60156,9.04297,1.29688,0.726563
11,1.1499,-0.0543823,-0.0709229,0.356384,0.930054,-0.614624,-0.286316,-0.704468,0.209717,0.902344,-1.5,9.64453,9.08203,1.33594,0.691406
12,1.21387,-0.0552368,-0.0704956,0.35614,0.930115,-0.614746,-0.286133,-0.704529,0.209351,0.902344,-1.5,9.71875,9.11719,1.33594,0.726563
13,1.30005,-0.0559082,-0.0703125,0.355286,0.93042,-0.615112,-0.286255,-0.704529,0.208069,0.902344,-1.53906,9.71875,9.12109,1.29688,0.726563
14,1.40088,-0.0564575,-0.0708008,0.354675,0.930603,-0.615112,-0.286438,-0.704651,0.20752,0.902344,-1.5,9.68359,9.08203,1.375,0.691406
15,1.5,-0.0574951,-0.0712891,0.354126,0.930725,-0.615112,-0.286499,-0.704956,0.206482,0.863281,-1.53906,9.64453,9.12109,1.41406,0.691406
16,1.60083,-0.0587158,-0.0719604,0.353516,0.930786,-0.614502,-0.286194,-0.705688,0.206055,1.05469,-1.53906,9.67969,8.97266,1.18359,0.882813
17,1.70093,-0.0512085,-0.0765991,0.355408,0.930176,-0.609863,-0.282837,-0.709045,0.21283,1.13281,-1.57813,9.52734,9.03906,1.41406,0.917969
18,1.80005,-0.0452881,-0.083252,0.356628,0.929443,-0.606384,-0.281738,-0.711609,0.215698,1.16797,-1.53906,9.5625,9.12109,1.29688,0.957031
19,1.90088,-0.0518799,-0.0794067,0.358582,0.92865,-0.608337,-0.287292,-0.708618,0.212769,0.976563,-1.61719,9.41406,8.8125,1.52734,0.765625
20,2.0,-0.0579224,-0.0748291,0.363098,0.926941,-0.611755,-0.294983,-0.702942,0.21106,0.9375,-1.80859,9.33594,8.85547,1.64453,0.726563
21,2.10083,-0.0631714,-0.0695801,0.366516,0.925659,-0.613892,-0.300964,-0.699158,0.209167,0.824219,-1.5,9.87891,9.19922,1.33594,0.613281
22,2.20093,-0.0718384,-0.0675049,0.367249,0.924866,-0.615356,-0.30365,-0.697632,0.206116,0.746094,-1.88281,9.71875,9.19922,1.91016,0.535156
23,2.30005,-0.0996094,-0.0883179,0.365845,0.921082,-0.589905,-0.332581,-0.71521,0.172974,0.902344,-3.33984,9.98828,9.39063,3.98047,0.652344
24,2.40088,-0.200867,-0.166504,0.338074,0.904236,-0.518799,-0.38092,-0.761169,0.0794067,2.47266,-6.82422,9.60547,9.69531,6.66016,1.99219
25,2.5,-0.244751,-0.276245,0.288025,0.883606,-0.420715,-0.371338,-0.827637,0.00976563,3.92578,-4.56641,5.51172,4.29297,4.66406,3.48438
26,2.60083,-0.265442,-0.367065,0.217712,0.864502,0.349487,0.335205,0.874023,0.0397339,6.10938,-5.82813,6.19531,5.9375,5.47266,5.40234
27,2.70093,-0.15033,-0.442688,0.213074,0.85791,-0.294617,-0.23114,-0.923279,0.0856934,7.79688,-3.68359,6.19531,6.24609,4.47656,7.08984
28,2.80005,0.296448,-0.405823,0.286987,0.815552,-0.299133,0.00994873,-0.843201,0.446655,8.48438,2.36719,3.51563,2.72266,-3.75781,8.46094
29,2.90088,0.387878,-0.334656,0.317444,0.797974,-0.342285,0.0452271,-0.782166,0.518677,6.60938,4.62891,2.82422,2.07031,-4.41016,6.74219
30,3.0,0.480713,-0.161316,0.35083,0.787231,-0.461487,0.088562,-0.651733,0.595337,4.23438,7.76563,4.24219,2.95313,-8.16797,4.36719
31,3.10083,0.484131,0.0253906,0.360229,0.796997,-0.599976,0.0814209,-0.534607,0.5896,2.125,8.30859,4.32031,3.75781,-8.42969,2.29688
32,3.20093,0.407959,0.166992,0.348328,0.827271,-0.719055,0.0340576,-0.462524,0.517517,-3.16016,7.0,5.85156,5.86328,-5.63672,-3.21875
33,3.30005,0.265747,0.266479,0.329956,0.865723,-0.815002,-0.0463867,-0.418579,0.39801,-3.96484,2.67578,5.54297,7.81641,-8.50781,-5.09375
34,3.40088,0.0471191,0.349731,0.316772,0.880432,-0.884338,-0.191589,-0.366333,0.216797,-6.72266,1.41016,7.14844,7.74219,-0.695313,-6.97266
35,3.5,-0.181519,0.368042,0.30481,0.859497,-0.876892,-0.323853,-0.35083,0.0561523,-7.44531,-3.26172,5.54297,5.44141,2.10156,-7.08984
36,3.60083,-0.359863,0.29657,0.240601,0.851318,0.812073,0.408997,0.398376,0.120605,-6.41797,-5.71484,6.00391,4.5625,4.89844,-7.39063
37,3.70093,-0.568359,0.0905762,0.218933,0.787964,0.615051,0.54248,0.494934,0.28717,-4.34766,-8.625,2.94141,2.33984,9.83594,-3.86719
38,3.80005,-0.697876,-0.0880737,0.168701,0.690491,0.42804,0.595459,0.551392,0.397644,0.25,-9.77344,-0.585938,-1.22266,9.10938,-0.34375
39,3.90088,-0.689026,-0.265686,0.166748,0.65332,0.292603,0.583191,0.661255,0.370178,1.28516,-9.23438,-0.277344,0.960938,13.0586,1.64844
40,4.0,-0.55719,-0.392883,0.223267,0.696655,0.230042,0.529175,0.785339,0.224304,3.16016,-10.7383,0.257813,-1.91016,10.7969,2.10547
41,4.10083,-0.350952,-0.504578,0.268494,0.741699,0.176819,0.422241,0.888733,0.0251465,5.38281,-6.82031,2.36328,1.23047,11.7891,3.06641
42,4.20093,-0.168518,-0.540405,0.313477,0.762451,-0.165039,-0.329468,-0.919617,0.136169,8.52734,-4.91016,4.70313,3.98828,5.55078,8.04297
43,4.30005,0.00823975,-0.539917,0.306274,0.783997,-0.179199,-0.200867,-0.930664,0.247742,8.60156,-0.621094,4.28125,3.79688,0.457031,8.50391
44,4.40088,0.159729,-0.504333,0.288269,0.798157,-0.217285,-0.0860596,-0.901978,0.362976,8.67578,0.683594,3.66797,3.33594,-1.03906,8.57813
45,4.5,0.310364,-0.411926,0.282104,0.80896,-0.289185,0.0142212,-0.831604,0.473877,8.60156,3.48047,4.24219,3.98828,-4.14063,8.61719
46,4.60083,0.42749,-0.2948,0.285522,0.805481,-0.373535,0.0812988,-0.732849,0.562866,5.91797,8.38281,6.19531,6.13281,-9.35547,6.05469
47,4.70093,0.514404,-0.158997,0.271423,0.797791,-0.465271,0.13916,-0.623535,0.612671,3.04688,7.72656,2.21094,1.34375,-8.46875,3.06641
48,4.80005,0.485901,-0.0078125,0.268738,0.831665,-0.602173,0.0897217,-0.538025,0.582947,2.01172,8.08203,5.39063,5.13672,-8.39063,1.87891
49,4.90088,0.342285,0.114746,0.308167,0.880188,-0.71283,-0.0599976,-0.48822,0.499878,-1.82031,4.70703,8.03125,8.00781,-5.78906,-2.10547
50,5.0,0.111328,0.187317,0.329895,0.918518,-0.767456,-0.247986,-0.476257,0.350342,-4.53906,0.261719,10.1445,9.96094,-0.886719,-4.86328
51,5.10083,-0.124512,0.176208,0.332947,0.917969,-0.735779,-0.411255,-0.505493,0.184448,-5.83984,-2.19141,11.2891,11.1094,0.648438,-5.51563
52,5.20093,-0.312134,0.115173,0.314148,0.88916,-0.650696,-0.515442,-0.555359,0.0494385,-1.28125,-7.05859,5.08594,4.44531,7.3125,-2.94922
53,5.30005,-0.530396,-0.0307617,0.254517,0.808044,0.488098,0.60437,0.612366,0.146729,-0.824219,-8.55078,2.48047,0.960938,8.60938,-0.613281
54,5.40088,-0.635681,-0.162231,0.188293,0.730835,0.345581,0.607056,0.670898,0.248901,0.0585938,-8.89453,2.05859,1.57422,9.53516,-0.878906
55,5.5,-0.607117,-0.288879,0.166016,0.721375,0.259949,0.555847,0.760132,0.213684,2.77734,-10.3477,1.63672,0.691406,9.41406,1.07422
56,5.60083,-0.4422,-0.428223,0.194763,0.763611,0.20105,0.449829,0.86853,0.0540771,5.53516,-8.54688,3.32422,2.45703,9.30469,4.55859
57,5.70093,-0.169189,-0.517578,0.229614,0.806702,-0.177979,-0.277466,-0.926392,0.181946,7.83984,-4.71875,3.35938,1.80469,5.35938,7.24609
58,5.80005,0.160889,-0.541016,0.254944,0.785095,-0.162903,-0.0692139,-0.889465,0.421326,8.91016,0.949219,2.36328,1.15234,-0.960938,8.8125
59,5.90088,0.349609,-0.502197,0.241455,0.753174,-0.182739,0.0526733,-0.835388,0.515686,8.64453,3.17188,1.25391,0.464844,-4.25781,8.62109
60,6.0,0.413757,-0.439026,0.216248,0.767639,-0.247375,0.111328,-0.789368,0.55072,7.07422,4.89844,1.48438,0.847656,-5.13672,7.04688
61,6.10083,0.476929,-0.290161,0.219482,0.80011,-0.384338,0.135742,-0.702515,0.583374,4.42578,5.24219,2.67188,1.91797,-4.87109,4.0625
62,6.20093,0.425171,-0.130676,0.226379,0.866577,-0.543335,0.0720215,-0.643066,0.534851,1.32422,4.47656,5.35156,6.82422,-4.06641,0.574219
63,6.30005,0.248901,0.0162964,0.257446,0.933533,-0.671875,-0.0863647,-0.601379,0.423584,-0.324219,3.67188,9.83594,8.73438,-2.53125,-0.460938
64,6.40088,0.0631104,0.0843506,0.30127,0.947693,-0.713318,-0.243591,-0.575134,0.317871,-3.00781,1.94531,10.7539,8.77344,-0.65625,-2.52734
65,6.5,-0.0939941,0.111206,0.331726,0.932068,-0.696228,-0.432495,-0.543945,0.17981,-2.92969,-4.48828,8.33984,8.77344,3.28906,-3.75391
66,6.60083,-0.24353,0.106506,0.353699,0.89679,-0.670166,-0.487732,-0.54425,0.129578,-3.54297,-4.67969,7.88672,8.31641,4.82031,-4.63672
67,6.70093,-0.381897,0.0863647,0.346985,0.852234,-0.619446,-0.567078,-0.542236,0.0266724,-3.62109,-8.24219,6.50391,6.13281,7.58203,-3.29297
68,6.80005,-0.511536,-0.0238037,0.295349,0.806519,0.500183,0.611145,0.605225,0.10022,-2.27734,-8.39453,4.05078,4.14063,8.34375,-2.75781
69,6.90088,-0.560852,-0.185608,0.250854,0.766846,0.364136,0.593689,0.703064,0.143677,0.746094,-10.1602,2.36328,3.03125,8.69141,0.230469
70,7.0,-0.409912,-0.338928,0.262634,0.805054,0.289307,0.484924,0.825317,0.00262451,3.77344,-7.47656,2.90234,1.34375,7.73828,2.98828
71,7.10083,-0.151367,-0.447266,0.294434,0.830872,-0.243652,-0.324036,-0.887695,0.218384,6.91406,-5.02344,4.73828,2.76172,5.89453,6.39844
72,7.20093,0.156799,-0.455078,0.334534,0.810181,-0.240967,-0.140686,-0.844055,0.457947,7.98828,0.222656,4.58594,2.41797,-0.464844,8.07813
73,7.30005,0.398254,-0.233948,0.371521,0.805359,-0.332275,-0.0305176,-0.722778,0.605164,6.61328,2.94141,3.89844,3.87109,-3.875,6.08984
74,7.40088,0.394104,-0.151123,0.367737,0.828613,-0.483032,-0.0324097,-0.62738,0.609924,3.66016,3.13281,5.69531,5.25,-3.14453,3.29297
75,7.5,0.32666,-0.0213013,0.371399,0.868835,-0.598694,-0.0964966,-0.573792,0.550415,1.24609,3.28906,8.19141,8.97266,-3.52734,0.882813
76,7.60083,0.143311,0.0331421,0.377136,0.914429,-0.654053,-0.233826,-0.58313,0.421204,-0.707031,1.02734,10.3672,9.88281,-0.847656,-0.84375
77,7.70093,-0.0456543,0.00616455,0.394287,0.917847,-0.623108,-0.372681,-0.618103,0.301392,-1.16797,-0.199219,10.5625,9.31641,1.14453,-0.996094
78,7.80005,-0.116272,-0.0157471,0.404602,0.906921,-0.602783,-0.419373,-0.624146,0.266907,-0.976563,-2.30469,10.75,9.69922,2.86719,-1.10938
79,7.90088,-0.0812988,-0.00012207,0.411438,0.907776,-0.606812,-0.394165,-0.621765,0.299622,-0.210938,-2.45703,8.99219,8.16797,0.875,-0.382813
80,8.0,-0.0881958,-0.0203857,0.409058,0.90802,-0.600281,-0.403381,-0.627014,0.289429,-0.363281,-2.11328,10.7539,9.5,1.87109,-0.496094
81,8.10083,-0.107788,-0.0422363,0.410889,0.904297,-0.580261,-0.416016,-0.641846,0.279724,-0.402344,-2.38281,9.875,9.69531,2.79297,-0.574219
82,8.20093,-0.123535,-0.0593262,0.415222,0.899353,-0.56543,-0.428101,-0.650391,0.272095,-0.25,-2.38281,9.375,9.27344,2.5625,-0.460938
83,8.30005,-0.128235,-0.0529175,0.419189,0.897217,-0.567139,-0.43573,-0.645081,0.269104,-0.132813,-2.03516,8.45313,7.62891,1.94922,-0.269531
84,8.40088,-0.130493,-0.053833,0.416077,0.898315,-0.568726,-0.43689,-0.646362,0.260437,-0.324219,-2.72656,9.26172,9.23828,2.67578,-0.613281
85,8.5,-0.136536,-0.0621948,0.411194,0.899109,-0.561768,-0.434204,-0.654663,0.259338,0.0195313,-2.64844,9.52344,8.73828,2.33203,-0.230469
86,8.60083,-0.130005,-0.0648804,0.409729,0.900574,-0.578369,-0.418396,-0.64325,0.276917,-0.0546875,-2.0,9.37891,8.73828,1.83594,-0.191406
87,8.70093,-0.0973511,-0.0348511,0.410278,0.906067,-0.589111,-0.407593,-0.63623,0.286377,-0.402344,-2.26563,9.60547,8.81641,2.10156,-0.460938
88,8.80005,-0.078186,-0.0286865,0.406067,0.910034,-0.596008,-0.393372,-0.635132,0.294312,-0.09375,-1.30859,9.33594,8.66016,1.14453,-0.304688
89,8.90088,-0.0736694,-0.0271606,0.399353,0.913391,-0.600464,-0.385498,-0.635559,0.294861,-0.324219,-1.65234,9.87891,8.89063,1.33594,-0.460938
90,9.0,-0.0769043,-0.0192261,0.400574,0.912842,-0.605652,-0.389038,-0.629639,0.292358,-0.441406,-1.57813,9.67969,9.35547,1.18359,-0.535156
91,9.10083,-0.0803833,-0.0161743,0.399536,0.913025,-0.607483,-0.391846,-0.627991,0.288208,-0.476563,-1.84375,9.41406,9.04297,1.71875,-0.574219
92,9.20093,-0.0817871,-0.0134277,0.401001,0.912292,-0.605591,-0.394043,-0.628906,0.28717,-0.476563,-1.61719,9.60156,9.27344,1.41406,-0.460938
